  -1.4725426e+02   2.5369115e+02
  -1.2882776e+02   2.5292450e+02
  -9.0507233e+01   2.5177255e+02
  -8.9326573e+01   2.5174345e+02
  -8.1833723e+01   2.5156771e+02
  -6.4214164e+01   2.5114584e+02
  -1.4701737e+02   2.5167206e+02
  -1.4867193e+02   2.5125403e+02
  -6.2179641e+01   2.4522492e+02
  -8.2159190e+01   2.4111844e+02
  -8.2160744e+01   2.4104923e+02
  -8.9108423e+01   2.4017311e+02
  -5.1327614e+01   2.3709468e+02
  -1.4561885e+02   2.3879824e+02
  -1.3607129e+02   2.3780770e+02
  -1.3603341e+02   2.3759849e+02
  -1.2486398e+02   2.3720084e+02
  -2.8573967e+01   2.3130894e+02
  -2.8988220e+01   2.3089689e+02
  -2.7298984e+01   2.3081472e+02
  -1.0111448e+02   2.3127524e+02
  -1.0111639e+02   2.3120606e+02
  -2.1278547e+01   2.2939057e+02
  -1.1081857e+02   2.2774692e+02
   2.5729882e+01   2.2353601e+02
   2.5731819e+01   2.2325918e+02
   2.5686055e+01   2.2325886e+02
   2.6922185e+01   2.2319849e+02
   2.5732303e+01   2.2318998e+02
   2.5640773e+01   2.2318934e+02
   2.4002268e+01   2.2179412e+02
  -1.1704520e+02   2.2330060e+02
  -1.4382781e+02   2.2390397e+02
  -1.4570385e+02   2.2397780e+02
  -1.3422077e+02   2.2347165e+02
   2.7030486e+01   2.2091542e+02
   2.6483458e+01   2.2056541e+02
   2.4059808e+01   2.1999512e+02
   2.7037092e+01   2.2001578e+02
  -1.0099770e+02   2.2054041e+02
  -1.4395200e+02   2.2190029e+02
  -1.1570258e+02   2.2083471e+02
  -1.3406501e+02   2.2145765e+02
  -8.0990017e+01   2.1969983e+02
   1.7841426e+01   2.1767601e+02
  -1.4568037e+02   2.1296502e+02
  -1.4430626e+02   2.1284178e+02
   3.5056433e+01   2.1004901e+02
   4.0017405e+01   2.1003025e+02
   1.7928245e+01   2.0923416e+02
   1.8390384e+01   2.0868288e+02
  -2.7338623e+01   2.0693921e+02
  -1.0866191e+02   2.0774362e+02
  -1.1551376e+02   2.0781302e+02
  -1.3122093e+02   2.0729890e+02
  -1.3958601e+02   2.0760538e+02
  -8.1864374e+01   2.0296958e+02
  -7.4964529e+01   2.0268495e+02
   6.7856511e+01   1.9998742e+02
  -1.2935978e+02   1.9733339e+02
  -1.4489559e+02   1.9776976e+02
  -1.2936461e+02   1.9719511e+02
  -1.3991856e+02   1.9757851e+02
  -1.4637023e+02   1.9782771e+02
   7.4374534e+00   1.9466873e+02
  -1.1590502e+02   1.9529625e+02
   6.6903332e+01   1.9408855e+02
  -1.2886439e+02   1.9565475e+02
  -1.3997598e+02   1.9605757e+02
  -8.5101427e+01   1.9432306e+02
  -1.0345785e+02   1.9478969e+02
  -1.0290442e+02   1.9477429e+02
   1.4246775e+02   1.9552938e+02
  -1.0232549e+02   1.9233604e+02
  -1.0357151e+02   1.9237061e+02
  -1.0234455e+02   1.9164452e+02
  -1.0235027e+02   1.9143706e+02
  -1.0087501e+02   1.9132748e+02
  -1.0360046e+02   1.9133333e+02
  -7.5208345e+01   1.9064959e+02
  -8.5180770e+01   1.9086500e+02
  -5.9371466e+01   1.9036257e+02
  -1.0235981e+02   1.9109130e+02
  -1.0072413e+02   1.9007772e+02
  -1.0314837e+02   1.8931382e+02
   5.2755671e+01   1.8638845e+02
   1.8054778e+02   1.8956933e+02
   5.2444796e+01   1.8548470e+02
  -8.5339435e+01   1.8394932e+02
  -1.2506798e+02   1.8500383e+02
  -8.7746221e+01   1.8393612e+02
  -1.1646688e+02   1.8472454e+02
  -1.4134355e+02   1.8558680e+02
  -1.0407479e+02   1.8428795e+02
  -6.0733316e+01   1.8332785e+02
  -9.6720947e+01   1.8408946e+02
   2.0254360e+02   1.8703175e+02
   9.4950037e+01   1.8189882e+02
  -8.7791264e+01   1.8006255e+02
  -9.6775331e+01   1.8021600e+02
  -1.0423136e+02   1.8034804e+02
   1.9763924e+02   1.8337356e+02
  -1.4153271e+02   1.8061004e+02
  -1.4156686e+02   1.7971149e+02
  -1.3962454e+02   1.7956896e+02
  -1.4236200e+02   1.7953414e+02
  -1.4176787e+02   1.7930382e+02
  -1.4172419e+02   1.7923294e+02
   5.2659421e+01   1.7684062e+02
  -1.4140262e+02   1.7915150e+02
  -1.4196102e+02   1.7910352e+02
  -1.4160364e+02   1.7874383e+02
  -1.4058461e+02   1.7870524e+02
  -1.4137204e+02   1.7873504e+02
  -1.3958371e+02   1.7818310e+02
   2.0441751e+02   1.8076086e+02
  -1.4066746e+02   1.7773933e+02
   9.7233946e+01   1.7600729e+02
   9.8439098e+01   1.7603892e+02
   9.1009311e+00   1.7447393e+02
   3.6973289e+01   1.7423110e+02
   3.7019663e+01   1.7423156e+02
   8.7325566e+00   1.7336642e+02
  -1.0713174e+02   1.7454873e+02
  -1.4879040e+01   1.7290172e+02
   8.7338518e+00   1.7281311e+02
  -2.7080561e+01   1.7283200e+02
  -2.1977521e+01   1.7279845e+02
  -2.2070304e+01   1.7279900e+02
  -1.4694297e+01   1.7269349e+02
  -5.7005885e+01   1.7289253e+02
  -2.1051251e+01   1.7251645e+02
  -5.0140933e+01   1.7272479e+02
   4.0981916e+01   1.7240545e+02
   4.0983435e+01   1.7226713e+02
   5.0774241e+01   1.7231834e+02
   5.7781257e+01   1.7235108e+02
   5.7827654e+01   1.7235180e+02
   5.9313460e+01   1.7230595e+02
  -1.7483365e+01   1.7152974e+02
   3.8952735e+01   1.7120789e+02
  -8.7887549e+01   1.7203935e+02
  -1.1382581e+02   1.7267113e+02
   8.7385468e+00   1.7080740e+02
  -1.7904347e+01   1.7084010e+02
  -1.4098243e+01   1.7082379e+02
   1.8570379e+02   1.7527950e+02
   8.7395182e+00   1.7039243e+02
   1.4913545e+01   1.7041198e+02
  -1.0685180e+02   1.7135787e+02
   3.6929779e+01   1.6925071e+02
  -8.7936394e+01   1.6996506e+02
  -9.4482494e+01   1.7012495e+02
   1.0050139e+02   1.7007453e+02
   7.8186266e+01   1.6871056e+02
  -1.2390100e+02   1.6994722e+02
   1.3664864e+02   1.7032269e+02
  -1.2293056e+02   1.6977676e+02
  -2.1127755e+01   1.6719139e+02
  -1.1594516e+02   1.6872305e+02
  -1.2244928e+02   1.6886138e+02
  -1.2393539e+02   1.6891038e+02
  -1.2296013e+02   1.6887815e+02
   7.4312541e+01   1.6724803e+02
  -8.7032261e+01   1.6690001e+02
  -1.2285490e+02   1.6783673e+02
  -1.2389750e+02   1.6724838e+02
  -1.3696255e+02   1.6742750e+02
  -1.1596091e+02   1.6671695e+02
  -7.5109726e+01   1.6567299e+02
  -1.3821951e+02   1.6740457e+02
  -9.4632175e+01   1.6604699e+02
  -1.1094433e+02   1.6649550e+02
  -1.2200385e+02   1.6684010e+02
  -1.2400189e+02   1.6690585e+02
  -1.1052609e+02   1.6648311e+02
  -1.0801664e+02   1.6640976e+02
  -1.0704074e+02   1.6638169e+02
  -1.0773781e+02   1.6640172e+02
  -1.2103029e+02   1.6673926e+02
  -1.0704470e+02   1.6624343e+02
   1.6846010e+02   1.6816076e+02
   1.6879150e+02   1.6803725e+02
   1.6847256e+02   1.6788440e+02
  -1.2403170e+02   1.6600728e+02
  -1.2096866e+02   1.6576854e+02
   1.4307166e+02   1.6647980e+02
  -2.7151333e+01   1.6308072e+02
  -9.4013875e+01   1.5918280e+02
   1.0996364e+02   1.5954792e+02
   7.9465665e+01   1.5877675e+02
  -6.0966886e+01   1.5760007e+02
  -6.8097380e+01   1.5751538e+02
   7.1678089e+01   1.5675218e+02
  -1.3283060e+02   1.5669093e+02
  -3.6445358e+01   1.5444600e+02
   8.8714569e+00   1.5386451e+02
   1.2743358e+01   1.5332246e+02
   6.6281816e+01   1.5354061e+02
   1.4612366e+02   1.5504023e+02
   6.6134272e+01   1.5132490e+02
  -1.0806284e+02   1.5188283e+02
   6.6098568e+01   1.5070184e+02
   6.5818570e+01   1.5069692e+02
   7.5824501e+01   1.4991742e+02
   7.9466676e+01   1.4992357e+02
   6.5417841e+01   1.4958339e+02
   6.6164724e+01   1.4959648e+02
  -6.0447188e+01   1.4936178e+02
  -7.4171577e+01   1.4960776e+02
  -5.6949081e+01   1.4909965e+02
  -6.7038039e+01   1.4898955e+02
  -6.6944663e+01   1.4898788e+02
   6.5526880e+01   1.4868625e+02
   6.5059965e+01   1.4867813e+02
  -4.7435395e+01   1.4813762e+02
   6.6845307e+01   1.4808707e+02
  -4.5994519e+01   1.4756650e+02
   5.0316097e+01   1.4762189e+02
  -4.2539096e+01   1.4745664e+02
   6.7271786e+01   1.4774890e+02
  -1.0816233e+02   1.4842690e+02
  -1.2016464e+02   1.4872244e+02
  -9.3968036e+01   1.4797590e+02
  -1.3319087e+02   1.4916171e+02
  -4.4646636e+01   1.4699704e+02
  -4.4272937e+01   1.4699262e+02
  -4.4599923e+01   1.4699648e+02
  -4.4367994e+01   1.4685544e+02
   6.8967048e+01   1.4701890e+02
   7.0229566e+01   1.4697313e+02
  -4.4558949e+01   1.4651195e+02
  -4.2736929e+01   1.4649079e+02
   5.0471994e+01   1.4644840e+02
   6.6965804e+01   1.4656777e+02
   4.9731804e+01   1.4588533e+02
   5.1088739e+01   1.4576522e+02
   5.2818628e+01   1.4571998e+02
   5.1325209e+01   1.4556099e+02
   4.9509098e+01   1.4505259e+02
   5.3155500e+01   1.4503322e+02
   1.3745146e+02   1.4710104e+02
   6.7511970e+01   1.4477950e+02
   6.7465230e+01   1.4477866e+02
  -4.2016465e+01   1.4406247e+02
  -4.2637519e+01   1.4289396e+02
  -4.2029595e+01   1.4288711e+02
  -4.1047563e+01   1.4287627e+02
  -4.2034229e+01   1.4247229e+02
  -4.0678686e+01   1.4238824e+02
   4.8749509e+01   1.4234585e+02
   1.2710186e+02   1.4334683e+02
   5.4145928e+01   1.4117495e+02
  -4.2051994e+01   1.4088212e+02
  -3.9338261e+01   1.4085279e+02
   4.8588304e+01   1.4033849e+02
   4.7700071e+01   1.4025799e+02
   4.6904537e+01   1.4024799e+02
   5.4627818e+01   1.4021384e+02
   6.7683749e+01   1.4042591e+02
   5.4071221e+01   1.3986006e+02
   4.1902689e+01   1.3970499e+02
  -3.0322979e+01   1.3890251e+02
  -3.3085537e+01   1.3885662e+02
   7.9269219e+01   1.3933805e+02
   3.7284222e+01   1.3813527e+02
  -1.3490609e+02   1.3912148e+02
  -1.3401914e+02   1.3902064e+02
   1.3007673e+02   1.3853654e+02
  -1.2027035e+01   1.3624148e+02
   7.0869412e+00   1.3581412e+02
   3.5666368e+01   1.3590706e+02
   7.9311355e+00   1.3540098e+02
  -9.3753458e+01   1.3593610e+02
  -1.0851053e+02   1.3633200e+02
  -7.4356375e+01   1.3550361e+02
  -9.8485251e+01   1.3605675e+02
   2.4672573e-01   1.3477040e+02
   1.0276400e+01   1.3450785e+02
  -6.6454721e+01   1.3438797e+02
  -1.1953541e+02   1.3465949e+02
  -1.0856822e+02   1.3432783e+02
  -1.3340947e+02   1.3505561e+02
  -1.3346367e+02   1.3484998e+02
   4.4097691e+01   1.3212432e+02
   1.5917097e+01   1.3058663e+02
   2.0281405e+01   1.3040015e+02
   1.0244162e+01   1.2911514e+02
   1.0197414e+01   1.2904588e+02
   1.8693018e+01   1.2900924e+02
  -5.6543834e+01   1.2938629e+02
   2.1791572e+01   1.2888758e+02
   2.0243751e+01   1.2867156e+02
  -4.2796559e+01   1.2885978e+02
   2.0478451e+01   1.2867282e+02
   2.0900910e+01   1.2867514e+02
   2.2266650e+01   1.2792246e+02
  -3.9055813e+01   1.2743649e+02
   2.0397630e+01   1.2625268e+02
  -5.5470231e+01   1.2577504e+02
  -1.3326304e+02   1.2723325e+02
  -1.1912977e+02   1.2669215e+02
  -9.8792221e+01   1.2610586e+02
  -9.2452512e+01   1.2587633e+02
  -1.0781260e+02   1.2628323e+02
   8.9404583e+00   1.2468730e+02
  -7.0690844e+01   1.2347072e+02
  -7.1348911e+01   1.2348308e+02
  -7.5344272e+01   1.2356056e+02
  -7.3888500e+01   1.2346269e+02
  -7.3230429e+01   1.2344990e+02
  -9.2219530e+01   1.2386522e+02
  -1.1919510e+02   1.2461921e+02
  -1.0786976e+02   1.2427921e+02
  -1.3324460e+02   1.2508816e+02
  -3.2897931e+01   1.2274583e+02
  -3.1536837e+01   1.2245771e+02
  -5.5851104e+01   1.2225456e+02
  -5.6650440e+01   1.2226644e+02
   8.7087743e+01   1.2111591e+02
  -9.2347455e+01   1.2054909e+02
  -2.9303009e+01   1.1946707e+02
  -8.8647328e+01   1.1976915e+02
   3.6207725e+01   1.1848983e+02
   1.9433376e+00   1.1624342e+02
   2.7439928e+00   1.1617478e+02
  -2.7115187e+01   1.1613254e+02
  -1.1809080e+01   1.1598481e+02
  -1.1761983e+01   1.1598466e+02
   1.7116115e+01   1.1441512e+02
   3.3750722e+01   1.1425019e+02
   4.1478206e+01   1.1432685e+02
   1.0823527e+02   1.1564496e+02
  -3.2972470e+01   1.1417422e+02
   4.2198053e+01   1.1315958e+02
  -3.5433690e+01   1.1302122e+02
   4.2813900e+01   1.1288996e+02
   3.3151462e+01   1.1272408e+02
  -3.5954791e+01   1.1274961e+02
   3.2918170e+01   1.1244553e+02
   1.6941225e+01   1.1137278e+02
  -6.0768334e+01   1.1182156e+02
  -6.2796900e+01   1.1178546e+02
   8.9256623e+00   1.1099983e+02
   7.1110502e+01   1.0992719e+02
   7.1064623e+01   1.0985719e+02
   1.0240038e+02   1.1001994e+02
   4.9533036e+01   1.0737220e+02
  -5.1634133e+01   1.0726192e+02
  -5.6544558e+01   1.0726270e+02
   4.9725474e+01   1.0709820e+02
  -5.7536932e+01   1.0720847e+02
  -1.3134198e+02   1.0800600e+02
   9.5769497e+01   1.0528330e+02
  -1.3301196e+02   1.0619665e+02
  -1.0840975e+02   1.0534619e+02
  -1.0439511e+02   1.0523382e+02
  -1.2002790e+02   1.0569529e+02
  -1.2696994e+02   1.0592085e+02
  -1.2701716e+02   1.0592242e+02
  -1.3240291e+02   1.0603705e+02
  -1.3131679e+02   1.0599938e+02
  -1.3141363e+02   1.0593356e+02
  -1.3287754e+02   1.0598445e+02
  -1.3240531e+02   1.0596797e+02
  -1.3240772e+02   1.0589889e+02
  -1.3283273e+02   1.0591372e+02
   7.9591604e+01   1.0380397e+02
   8.2615533e+01   1.0386846e+02
   8.5592163e+01   1.0393430e+02
   9.0033388e+01   1.0403686e+02
  -5.2256637e+01   1.0319185e+02
  -3.5858781e+01   1.0293277e+02
   7.9608961e+01   1.0297470e+02
   7.9848160e+01   1.0284144e+02
   7.9611854e+01   1.0283649e+02
  -1.3251031e+02   1.0431170e+02
  -1.2703225e+02   1.0405559e+02
  -1.8140291e+01   1.0190841e+02
  -1.3308448e+02   1.0412426e+02
  -1.3285067e+02   1.0404692e+02
  -1.2907086e+02   1.0391676e+02
  -1.3251994e+02   1.0403538e+02
  -1.2741716e+02   1.0386099e+02
  -1.3214196e+02   1.0402223e+02
   7.3142263e+01   1.0243004e+02
  -1.2704148e+02   1.0377926e+02
  -1.2661853e+02   1.0369600e+02
   7.1254191e+01   1.0225594e+02
   8.0614590e+01   1.0237365e+02
   7.9621979e+01   1.0235275e+02
   7.8629363e+01   1.0233210e+02
   9.3045381e+01   1.0265739e+02
  -1.3252716e+02   1.0382814e+02
   8.1523026e+01   1.0190906e+02
   8.4643006e+01   1.0197719e+02
  -2.5426696e+01   1.0098242e+02
  -8.9446155e+01   1.0181052e+02
  -1.3255364e+02   1.0306827e+02
  -9.0117810e+01   1.0141153e+02
  -8.9315686e+01   1.0132348e+02
  -8.7567901e+01   1.0121372e+02
  -8.9462400e+01   1.0111951e+02
  -2.5433624e+01   9.9945649e+01
   8.4676828e+01   1.0045692e+02
  -9.0191287e+01   1.0030704e+02
   9.0030421e+01   1.0016496e+02
  -5.3967440e+01   9.9206368e+01
   8.5639743e+01   9.9717956e+01
  -1.3257616e+02   1.0106334e+02
  -3.5849266e+01   9.8923536e+01
  -3.4903071e+01   9.8914745e+01
   4.3832909e-01   9.8754794e+01
  -3.2916054e+01   9.8897048e+01
  -1.3394981e+02   1.0104228e+02
   8.7873996e+01   9.9284908e+01
   8.7875590e+01   9.9215807e+01
   7.8749519e+01   9.8808717e+01
   8.8315770e+01   9.8603753e+01
   8.8412002e+01   9.8536848e+01
   8.7847412e+01   9.8385507e+01
   7.9710207e+01   9.8137365e+01
   8.7855382e+01   9.8040005e+01
  -8.6647303e+01   9.8012329e+01
   8.7951619e+01   9.7973089e+01
   8.7858570e+01   9.7901804e+01
   8.7765517e+01   9.7830522e+01
   8.7350696e+01   9.7337029e+01
   8.7541602e+01   9.7272274e+01
   5.1237649e+01   9.6472779e+01
   8.7071456e+01   9.7123226e+01
   7.1547090e+01   9.6730913e+01
   8.7167701e+01   9.7056291e+01
   7.9736240e+01   9.6893504e+01
   8.7405952e+01   9.6992613e+01
   8.7077773e+01   9.6846825e+01
   8.7887261e+01   9.6658003e+01
   8.7794177e+01   9.6586720e+01
   8.7986724e+01   9.6452889e+01
  -5.3638601e+01   9.5676327e+01
   8.8084600e+01   9.6316877e+01
   8.8234627e+01   9.5974666e+01
  -5.6770896e+01   9.5237825e+01
   8.5827714e+01   9.5574020e+01
   8.5734565e+01   9.5502788e+01
   8.5642966e+01   9.5362458e+01
   8.5832382e+01   9.5366719e+01
  -8.0397978e+00   9.4339686e+01
   8.4702022e+01   9.5064893e+01
   8.4845634e+01   9.4998952e+01
   8.4987710e+01   9.5002117e+01
   8.4752453e+01   9.4927745e+01
   8.3664696e+01   9.4834580e+01
   8.3334681e+01   9.4758217e+01
   8.3478279e+01   9.4692225e+01
   2.9678660e-01   9.3709166e+01
   8.6274208e+01   9.4685343e+01
   8.3433941e+01   9.4552987e+01
   8.1835416e+01   9.3965272e+01
   7.1223901e+01   9.3752282e+01
  -8.3045003e+01   9.3853159e+01
  -2.0789639e+01   9.2867303e+01
  -9.1719015e+01   9.3844539e+01
  -8.2719388e+01   9.3569548e+01
   7.9814338e+01   9.3161976e+01
   8.0147460e+01   9.3099831e+01
   1.7215957e+01   9.2296558e+01
   3.1149065e+01   9.2384897e+01
   7.9866061e+01   9.2955664e+01
   7.9584640e+01   9.2811517e+01
   7.8589535e+01   9.2790882e+01
   7.9917789e+01   9.2749352e+01
   7.9161036e+01   9.2664439e+01
   7.3379655e+01   9.2548829e+01
   7.8830750e+01   9.2588467e+01
   7.3001865e+01   9.2472451e+01
   7.8593807e+01   9.2583577e+01
   7.2955797e+01   9.2402440e+01
   7.3242795e+01   9.2269682e+01
   7.3100618e+01   9.2266955e+01
   7.2863655e+01   9.2262421e+01
   7.2674084e+01   9.2258804e+01
   7.9926476e+01   9.2334744e+01
   7.2820220e+01   9.2054205e+01
   7.2821539e+01   9.1985101e+01
   7.1450931e+01   9.1751798e+01
   7.1595722e+01   9.1616256e+01
   7.1454814e+01   9.1544486e+01
   7.1365181e+01   9.1266296e+01
  -1.1642477e+02   9.2098690e+01
   7.2841326e+01   9.0948549e+01
  -1.1680816e+02   9.1972112e+01
   5.1222749e+01   9.0527993e+01
   7.1138462e+01   9.0709039e+01
  -1.1643320e+02   9.1822354e+01
   7.1233286e+01   9.0710808e+01
   7.2418580e+01   9.0733118e+01
   8.0762847e+01   9.0900598e+01
  -1.1610351e+02   9.1743159e+01
  -1.1644163e+02   9.1546018e+01
   6.0856450e+01   9.0116471e+01
   8.2434115e+01   9.0383282e+01
  -7.0544231e+00   8.9292246e+01
   7.0773261e+01   8.9941847e+01
   7.3049478e+01   8.9984733e+01
  -1.1546500e+02   9.0894011e+01
  -8.7016184e+01   9.0139337e+01
   7.0255441e+01   8.9724899e+01
   7.0539985e+01   8.9730147e+01
   7.0778387e+01   8.9665433e+01
   7.9886648e+01   8.9706932e+01
  -1.8059945e+01   8.8913755e+01
  -1.0475942e+02   9.0239413e+01
   7.0307956e+01   8.9449358e+01
  -1.1647115e+02   9.0578846e+01
  -1.1561770e+02   9.0552896e+01
  -1.1490648e+02   9.0531417e+01
  -1.1528580e+02   9.0542856e+01
  -1.3249837e+02   9.1032478e+01
  -1.0770125e+02   9.0252149e+01
   7.9699836e+01   8.9564766e+01
  -9.7838003e+01   8.9986580e+01
  -8.0197868e+01   8.9506066e+01
   8.3590253e+01   8.9578845e+01
   8.2455011e+01   8.9415892e+01
   7.9326170e+01   8.9280462e+01
  -1.1506122e+02   9.0121197e+01
   4.2708972e+01   8.8556984e+01
  -4.3650002e+01   8.7047006e+01
  -1.1771825e+02   8.8611812e+01
  -1.1387569e+02   8.8495289e+01
  -1.3252049e+02   8.9027690e+01
  -5.3664303e+01   8.7105456e+01
   3.0730738e+01   8.5469777e+01
   1.6725198e+01   8.5313695e+01
   3.1965713e+01   8.5410792e+01
  -7.6464057e+01   8.4037464e+01
  -1.0065363e+02   8.3975622e+01
  -1.0065545e+02   8.3906533e+01
  -1.1187835e+02   8.3734487e+01
  -1.1008134e+02   8.3405761e+01
  -1.1141142e+02   8.3444284e+01
  -1.1169845e+02   8.3383515e+01
  -7.6495846e+01   8.2448186e+01
  -1.1156400e+02   8.3103021e+01
   2.9778185e-01   8.0922998e+01
   1.2231494e+01   8.0044080e+01
   1.2233040e+01   7.9560302e+01
   7.2891223e+00   7.8856577e+01
  -6.4546536e+01   7.7942316e+01
  -1.1018492e+02   7.8154057e+01
   3.4571438e-01   7.6499882e+01
   3.4572686e-01   7.6361661e+01
   3.1062817e+00   7.5948243e+01
  -9.8894975e+00   7.5061314e+01
   5.8857019e+01   7.5155007e+01
   5.2382649e+01   7.5061031e+01
   5.7239473e+01   7.5061386e+01
   5.8526949e+01   7.4942598e+01
   5.8764988e+01   7.4946241e+01
   5.8672946e+01   7.4737476e+01
  -5.6696736e+01   7.4638612e+01
   3.3439643e+01   7.4296003e+01
   4.3296750e+01   7.4325570e+01
  -5.5799158e+01   7.4141618e+01
  -5.6703892e+01   7.4154896e+01
   5.8206288e+01   7.4108300e+01
  -5.5897416e+01   7.3935699e+01
   5.8068667e+01   7.3760625e+01
   5.7736351e+01   7.3686488e+01
   5.7883395e+01   7.3412236e+01
  -7.6913639e+01   7.3470323e+01
   5.7611131e+01   7.2509612e+01
   6.9853771e+01   7.2713098e+01
  -6.4672335e+01   7.0479525e+01
  -1.0094102e+01   6.9671316e+01
  -9.2376494e+00   6.8978075e+01
  -5.4823625e+01   6.9082076e+01
  -4.4572137e+01   6.8949331e+01
  -1.0145611e+01   6.8220177e+01
  -1.1243316e+01   6.7946803e+01
  -3.9527044e+01   6.7995608e+01
  -3.9479350e+01   6.7995117e+01
  -1.2340734e+01   6.7811958e+01
  -1.1244328e+01   6.7601266e+01
  -1.1005834e+01   6.7600575e+01
  -1.3343315e+01   6.7538879e+01
  -8.6687454e+00   6.7525479e+01
  -9.1457430e+00   6.7526586e+01
   4.4969806e+00   6.7034573e+01
  -1.0364177e+02   6.8361653e+01
   1.0126448e+01   6.6976185e+01
  -3.2332174e+01   6.7098950e+01
  -1.0321442e+02   6.8281007e+01
  -3.2428751e+01   6.6961544e+01
  -1.7305800e+01   6.6794504e+01
  -3.2572458e+01   6.6893651e+01
  -1.0340890e+02   6.8147975e+01
  -1.0321999e+02   6.8073758e+01
  -3.2859295e+01   6.6826984e+01
  -1.0302921e+02   6.8068634e+01
   2.1341278e+01   6.6331052e+01
  -1.0295235e+02   6.7375247e+01
  -6.4743385e+01   6.6264543e+01
  -5.6822476e+01   6.6139194e+01
  -5.3959437e+01   6.6097906e+01
  -1.1727435e+01   6.5598589e+01
  -7.0289698e+01   6.5739969e+01
   7.3634366e+00   6.4896674e+01
  -1.0164959e+02   6.6096172e+01
  -1.0301347e+02   6.5095527e+01
   6.6974706e+00   6.3582426e+01
  -1.0302088e+02   6.4819198e+01
  -1.2565152e+02   6.5285173e+01
  -1.2541288e+02   6.5277376e+01
  -1.0274002e+02   6.4604284e+01
  -1.0307602e+02   6.4544151e+01
  -1.0293281e+02   6.4540312e+01
  -1.0284288e+02   6.4330510e+01
  -1.0088917e+02   6.4140464e+01
  -1.2523772e+02   6.4787658e+01
  -1.2481036e+02   6.4704611e+01
  -1.1044124e+02   6.4264817e+01
  -8.3523606e+01   6.3101751e+01
  -9.9142299e+01   6.3334580e+01
  -1.0220391e+02   6.3207369e+01
  -9.9863962e+01   6.3145871e+01
  -1.0201656e+02   6.3064131e+01
  -1.0049560e+02   6.2747552e+01
  -1.2585350e+02   6.3494045e+01
  -1.2533049e+02   6.3407815e+01
  -1.0131843e+02   6.2354366e+01
  -1.0099315e+02   6.2000159e+01
   2.0944581e+01   6.0316519e+01
  -9.9339084e+01   6.1265784e+01
   7.4684266e+00   5.9990328e+01
   3.2861708e+01   5.8326628e+01
   4.3524889e+01   5.8363334e+01
   2.2201053e+01   5.7904840e+01
  -9.8247086e+01   5.9094765e+01
  -9.8440072e+01   5.9030569e+01
   2.5548853e+01   5.7856498e+01
  -9.8254140e+01   5.8818434e+01
  -9.8020377e+01   5.8605090e+01
  -9.8261195e+01   5.8542103e+01
  -1.2095680e+02   5.8082226e+01
   5.3071084e+01   5.6202453e+01
   5.3026098e+01   5.5994500e+01
   5.2834726e+01   5.5991870e+01
   5.2547667e+01   5.5987942e+01
   5.3169627e+01   5.5996479e+01
   5.2933261e+01   5.5785890e+01
   5.2556152e+01   5.5366060e+01
   5.2557095e+01   5.5296962e+01
   3.2895928e+01   5.4318709e+01
  -1.8799103e+01   5.4085929e+01
  -6.6409995e+00   5.3976688e+01
  -6.5285775e+01   5.3971159e+01
   2.4048366e+01   5.3078537e+01
   5.1542234e+01   5.2449732e+01
   5.1785382e+01   5.2176552e+01
   5.1545930e+01   5.2173343e+01
  -7.4080009e+01   5.2333161e+01
   5.1549625e+01   5.1896953e+01
   2.5447809e+01   5.1429001e+01
   3.2633892e+01   5.1344913e+01
   2.5498907e+01   5.0945604e+01
   1.5295454e+01   5.0753427e+01
  -9.7424723e+01   5.1884705e+01
  -9.2539432e+01   5.1764361e+01
  -8.3678486e+01   5.1561883e+01
  -6.5094253e+01   5.1134264e+01
  -8.5548040e+01   5.1533787e+01
  -8.5691735e+01   5.1536978e+01
  -8.6468954e+01   5.1070483e+01
  -1.9347819e+01   4.9665965e+01
  -2.5819985e+01   4.9289229e+01
  -1.9353017e+01   4.8629434e+01
   7.3946914e+00   4.8587987e+01
   1.4730052e+01   4.8263501e+01
  -1.7437196e+01   4.8274783e+01
  -1.2475331e+02   4.8731194e+01
  -1.2130856e+02   4.8413965e+01
  -8.9583085e+01   4.6994275e+01
  -8.9872423e+01   4.6931878e+01
  -1.1040206e+02   4.7257006e+01
  -8.9589497e+01   4.6717939e+01
  -1.1419020e+02   4.7367198e+01
  -9.7502443e+01   4.6909667e+01
  -8.9306540e+01   4.6504021e+01
  -6.7043419e+00   4.5062497e+01
  -1.1364325e+02   4.6383205e+01
  -1.2136501e+02   4.6618185e+01
   4.9633068e+01   4.4477202e+01
   7.2955905e+01   4.4709060e+01
  -8.6653246e+01   4.4992052e+01
   4.9011877e+01   4.4261948e+01
   4.9347799e+01   4.4266225e+01
   4.9731708e+01   4.4271148e+01
   4.9539754e+01   4.4268682e+01
   4.9494420e+01   4.4060778e+01
  -1.8273728e+01   4.3717854e+01
  -8.4891646e+01   4.4330866e+01
  -2.0243352e+01   4.3382159e+01
  -1.9859710e+01   4.3311065e+01
   2.5549624e+01   4.3275396e+01
  -1.8084010e+01   4.3233244e+01
  -8.4993702e+01   4.4056635e+01
  -8.4705753e+01   4.4050312e+01
  -1.8420679e+01   4.3096629e+01
  -1.8325000e+01   4.3027072e+01
   2.5551451e+01   4.2998995e+01
  -8.4567827e+01   4.3770816e+01
  -9.6567879e+01   4.3982981e+01
  -1.7990580e+01   4.2679989e+01
  -8.6636246e+01   4.3609285e+01
  -1.9574856e+01   4.2687689e+01
  -1.8567013e+01   4.2613613e+01
  -1.7990902e+01   4.2610888e+01
  -1.7992188e+01   4.2334485e+01
   2.5556477e+01   4.2238894e+01
  -6.7576364e+00   4.2022108e+01
   7.6473547e+00   4.2023765e+01
   1.4513968e+01   4.1974348e+01
  -1.8042136e+01   4.1920104e+01
   4.8463733e+01   4.2043605e+01
  -1.9532085e+01   4.1650936e+01
  -2.0492509e+01   4.1655908e+01
   4.8465466e+01   4.1905413e+01
  -3.2833819e+01   4.1741032e+01
  -3.1441234e+01   4.1729455e+01
  -1.9100236e+01   4.1579676e+01
  -4.3206804e+01   4.1773951e+01
   4.8322275e+01   4.1834513e+01
  -1.8331882e+01   4.1575956e+01
  -1.8043749e+01   4.1574601e+01
  -1.7659887e+01   4.1503726e+01
   4.8420044e+01   4.1697523e+01
  -1.8045362e+01   4.1229098e+01
  -6.8072346e+00   4.1123875e+01
  -1.9200741e+01   4.0681846e+01
  -1.8816474e+01   4.0679957e+01
  -1.8821855e+01   3.9574352e+01
  -1.1057786e+02   4.1109450e+01
  -1.8965996e+01   3.9575056e+01
   4.1625577e+01   3.9337919e+01
  -1.8729106e+01   3.8882884e+01
  -1.1007314e+02   4.0265499e+01
  -1.8681718e+01   3.8744451e+01
  -1.0998099e+02   4.0124619e+01
   3.9472487e+01   3.8416989e+01
  -3.2628093e+01   3.7662183e+01
  -6.5851629e+01   3.7601172e+01
  -9.2489784e+01   3.7800557e+01
  -4.4427465e+01   3.5844717e+01
  -6.7416383e+01   3.6107671e+01
  -6.5448183e+01   3.5866567e+01
   3.2486183e+01   3.4689564e+01
  -5.6571985e+01   3.4275436e+01
  -5.6620097e+01   3.4276139e+01
  -1.2551419e+02   3.5619654e+01
  -1.2152212e+02   3.5492321e+01
  -7.0530612e+01   3.4158913e+01
  -6.8413571e+01   3.4120943e+01
  -6.9472094e+01   3.4139783e+01
   3.2113349e+01   3.3235302e+01
  -6.8525686e+01   3.3224483e+01
  -6.8720641e+01   3.3089714e+01
  -6.8528130e+01   3.3086305e+01
  -6.8529352e+01   3.3017215e+01
  -6.8289927e+01   3.2943877e+01
  -6.8533018e+01   3.2809948e+01
  -5.7178903e+01   3.2280229e+01
  -5.7037540e+01   3.2070824e+01
  -5.7374522e+01   3.2075798e+01
  -5.7711503e+01   3.2080802e+01
  -8.6353057e+01   3.2613181e+01
  -8.8231829e+01   3.2586386e+01
  -9.2323161e+01   3.2681701e+01
   2.6685575e+01   3.1673879e+01
  -5.6607305e+01   3.1857194e+01
   2.5675899e+01   3.1459755e+01
  -6.2472720e+00   3.0965148e+01
  -1.5540957e+01   3.0991266e+01
  -1.0492831e+02   3.1412649e+01
  -8.6391543e+01   3.0886115e+01
  -1.2164566e+02   3.1555555e+01
   3.9608067e+01   2.9849506e+01
  -1.1028448e+02   3.1146566e+01
  -1.2164783e+02   3.1486490e+01
   2.1594481e+01   2.9430947e+01
   1.4949773e+01   2.8570439e+01
  -4.3362034e+01   2.7885660e+01
  -4.7170038e+01   2.7860986e+01
  -4.4374860e+01   2.7828008e+01
  -5.2326596e+01   2.7927108e+01
   5.7027681e+01   2.7924256e+01
   4.6957097e+01   2.7651090e+01
   4.6767648e+01   2.7372384e+01
   4.7153236e+01   2.7377051e+01
   4.7008641e+01   2.7375297e+01
   4.6963787e+01   2.7098336e+01
   1.6162422e+01   2.6640506e+01
  -8.0970985e+01   2.7451617e+01
  -9.2441660e+01   2.7707941e+01
  -1.0193569e+02   2.7945754e+01
   3.8867831e+01   2.6801491e+01
   3.9639121e+01   2.6809293e+01
  -6.8392212e+01   2.7140414e+01
  -1.2040099e+01   2.6349130e+01
  -4.6947463e+01   2.6337992e+01
   1.5152489e+01   2.6014535e+01
  -5.9659954e+00   2.5989544e+01
  -6.0625348e+00   2.5920594e+01
  -8.0876315e+00   2.5924285e+01
  -1.4356283e+01   2.5804210e+01
  -1.4452976e+01   2.5735469e+01
   2.6443765e+01   2.4762126e+01
   3.5559977e+01   2.4765814e+01
   3.8405594e+01   2.4792919e+01
   4.6894087e+01   2.4886162e+01
   1.5544298e+01   2.4495894e+01
  -4.7646160e+01   2.4411589e+01
  -4.7937278e+01   2.4276964e+01
  -4.7649551e+01   2.4135214e+01
   9.7577280e+00   2.3855149e+01
  -4.7409201e+01   2.4063169e+01
  -4.7700336e+01   2.3928525e+01
  -4.7701185e+01   2.3859432e+01
  -5.6675114e+01   2.3910917e+01
   3.7264629e+01   2.3054250e+01
  -4.4386663e+01   2.2576277e+01
  -4.4195202e+01   2.2435888e+01
  -4.4003728e+01   2.2295508e+01
  -4.4245036e+01   2.2298249e+01
  -6.8638095e+01   2.1408652e+01
   2.0892732e+00   1.9973928e+01
  -6.8863000e+01   1.9615787e+01
  -1.1773007e+01   1.9023811e+01
  -6.7851215e+01   1.9459781e+01
  -1.0183010e+01   1.7499154e+01
  -1.5741336e+01   1.7172181e+01
  -1.0087264e+01   1.7153412e+01
  -9.9431700e+00   1.6807549e+01
  -1.0136669e+01   1.6738950e+01
  -1.1538668e+01   1.6604658e+01
  -7.5767867e+01   1.7325314e+01
  -7.5719544e+01   1.7324373e+01
  -8.6688648e+01   1.7553335e+01
  -1.2748560e+01   1.6124744e+01
  -1.4343723e+01   1.6130297e+01
  -9.2790115e+01   1.7141141e+01
  -9.2791763e+01   1.7072062e+01
  -1.3980565e+02   1.8477521e+01
  -1.3971399e+02   1.8335942e+01
  -1.3957649e+02   1.8123578e+01
  -1.0671338e+01   1.5634805e+01
  -9.4928230e+01   1.6708890e+01
  -1.3919739e+02   1.7902567e+01
  -1.0768600e+01   1.5427778e+01
  -1.0865680e+01   1.5289851e+01
   1.7563684e+01   1.5245214e+01
  -1.0962572e+01   1.5221024e+01
  -9.4555007e+01   1.6146854e+01
  -1.3622760e+01   1.4953031e+01
   2.4788532e+00   1.4860885e+01
   9.8771805e+00   1.4803529e+01
  -1.9522483e+01   1.4839952e+01
   2.1869470e+01   1.4783331e+01
  -9.7066899e+00   1.4734001e+01
   2.7817596e+01   1.4752192e+01
  -9.9002879e+00   1.4665391e+01
   3.6231998e+01   1.4752315e+01
  -1.3753559e+02   1.7013767e+01
  -9.9971782e+00   1.4596540e+01
  -9.4275018e+01   1.5725351e+01
  -4.3877256e+00   1.4586176e+01
  -1.1902684e+02   1.6334501e+01
   3.6329354e+01   1.4684121e+01
  -1.9040968e+01   1.4422973e+01
  -9.4135000e+01   1.5514607e+01
  -1.8751144e+01   1.4352468e+01
   3.6137853e+01   1.4475035e+01
  -6.0807740e+00   1.4242962e+01
  -8.1119631e+00   1.4246664e+01
   3.6477012e+01   1.4409097e+01
  -7.0966207e+00   1.4106485e+01
   1.7666026e+01   1.4001899e+01
   1.6940555e+01   1.3998675e+01
  -9.5210433e+01   1.5056933e+01
  -8.1610489e+00   1.3901276e+01
   1.8585943e+01   1.3798885e+01
   3.6869123e+01   1.3859982e+01
   3.4644261e+01   1.3839551e+01
   3.6433825e+01   1.3855885e+01
   3.5805060e+01   1.3850052e+01
  -9.4201732e+01   1.4755920e+01
  -1.1929604e+02   1.5444045e+01
  -1.1011177e+02   1.5104295e+01
  -9.3528075e+01   1.4601441e+01
  -1.8851879e+01   1.3523768e+01
   1.7716591e+01   1.3518438e+01
   1.8587262e+01   1.3522496e+01
  -8.5006661e+00   1.3418315e+01
  -9.3773188e+01   1.4469101e+01
  -1.7111143e+01   1.3377533e+01
  -8.2590996e+00   1.3279599e+01
  -1.6530967e+01   1.3305928e+01
  -9.4211761e+01   1.4341453e+01
  -8.4527442e+00   1.3210917e+01
  -1.1645457e+01   1.3219155e+01
  -9.3244548e+01   1.4318169e+01
  -8.5980202e+00   1.3142137e+01
  -8.3080629e+00   1.3003311e+01
  -1.8322728e+01   1.2899354e+01
  -9.0824181e+00   1.2866844e+01
  -1.7984398e+01   1.2828678e+01
   2.4317935e+00   1.2787915e+01
   1.7913569e+01   1.2759253e+01
  -8.0667500e+00   1.2726411e+01
   1.8494130e+01   1.2761967e+01
  -1.8178560e+01   1.2691382e+01
  -1.8324353e+01   1.2553868e+01
  -1.4308838e+01   1.2467948e+01
  -1.7985994e+01   1.2483192e+01
   1.8350618e+01   1.2415794e+01
  -1.1648143e+01   1.2320886e+01
   3.5673882e+01   1.2328629e+01
  -1.1648763e+01   1.2113593e+01
   3.5436354e+01   1.1842755e+01
  -7.0044905e+00   1.1549690e+01
  -1.1893446e+01   1.1216056e+01
  -1.4555403e+01   1.1225091e+01
  -1.5770413e+01   9.9860482e+00
  -1.5334954e+01   9.9152122e+00
   4.5620271e+01   1.0082933e+01
  -1.5481024e+01   9.7084946e+00
   4.7026756e+01   9.8923410e+00
  -1.5675529e+01   9.5019769e+00
   4.7174512e+01   9.6868180e+00
  -1.5191862e+01   9.3618653e+00
   4.7030091e+01   9.6159700e+00
   4.6836414e+01   9.6136380e+00
   4.7032591e+01   9.4086917e+00
  -5.6501474e+01   9.2580173e+00
  -1.3159989e+01   8.8016910e+00
  -1.3015624e+01   8.5248138e+00
  -1.3354653e+01   8.5259603e+00
  -1.3742115e+01   8.5273066e+00
  -9.3350648e+00   8.3760687e+00
  -8.9960229e+00   8.3752717e+00
  -1.3500908e+01   8.2500713e+00
  -9.0447780e+00   8.2371886e+00
  -9.0450986e+00   8.0989935e+00
  -8.8519740e+00   7.8221587e+00
  -8.6404968e+01   6.3504078e+00
  -5.0541630e+01   5.7210187e+00
  -2.2526336e+01   5.4587141e+00
  -4.9573156e+01   5.6394909e+00
  -1.5384240e+00   4.9794106e+00
  -3.8187902e+00   2.9771438e+00
   3.5371924e+01   2.9281974e+00
   3.5372550e+01   2.8591026e+00
  -4.3526160e+00   2.7013119e+00
   2.8970099e+01   2.8063524e+00
  -4.6437284e+00   2.6325496e+00
  -4.4223620e+01   2.8802142e+00
  -3.9761333e+01   2.8322257e+00
  -8.4673374e+01   3.4787732e+00
  -9.4469167e+01   3.7035074e+00
  -5.0626826e+01   2.8888822e+00
  -7.7495918e+01   3.3297150e+00
  -4.4982903e+00   2.5632817e+00
  -4.5954664e+00   2.4251995e+00
  -4.3044156e+00   2.4248679e+00
   3.0689840e+00   2.2855063e+00
   6.3759204e+01   2.3901683e+00
   6.3663312e+01   2.3194971e+00
   3.4169038e+01   1.8118819e+00
   2.8977789e+01   1.7699170e+00
   3.5381939e+01   1.8226812e+00
  -3.9681873e+01   1.1038884e+00
  -3.8759899e+01   1.0946318e+00
   2.9954477e+01   9.4808990e-01
   1.9472934e+01   8.1268428e-01
   3.9903778e+01   8.9884522e-01
   3.7574455e+01   8.7574746e-01
   3.2915769e+01   8.3371834e-01
   6.1160260e+01   1.0355868e+00
  -3.7115953e+01   4.5676029e-01
   4.1519861e+01  -4.6634319e-01
   7.0531771e+00  -1.2333130e+00
  -6.2669881e+01  -8.7546885e-01
  -3.8782522e+01  -1.1854763e+00
   4.5907489e+01  -2.0066192e+00
   4.6637589e+01  -2.1361831e+00
   4.6494359e+01  -2.3451964e+00
   4.6640886e+01  -2.4125538e+00
   4.6786592e+01  -2.4108130e+00
   4.6643359e+01  -2.6198319e+00
   1.0699254e+01  -2.8833818e+00
   1.0650680e+01  -2.8835144e+00
   3.9893315e+01  -2.8327258e+00
  -5.0749752e+01  -2.8451058e+00
   2.4010676e+01  -3.1697980e+00
   2.7313969e+01  -3.1481216e+00
   3.9945417e+01  -3.1777000e+00
  -3.4187447e+01  -3.2322741e+00
  -2.9378127e+01  -3.2713590e+00
  -3.2098557e+01  -3.2499769e+00
  -2.1848297e+01  -3.3206739e+00
  -3.4139472e+01  -3.3017934e+00
   3.3242763e+01  -3.3786184e+00
   5.9914627e+01  -3.1991637e+00
   6.0934770e+01  -3.1834020e+00
   3.4022456e+01  -3.6483143e+00
   2.9989974e+01  -3.6813128e+00
   3.1982492e+01  -3.7346272e+00
   3.5383428e+01  -3.7053393e+00
  -1.6264468e+01  -4.0388642e+00
  -7.9523552e+01  -3.3333678e+00
  -7.9474972e+01  -3.3343553e+00
  -2.0347352e+01  -4.2961508e+00
  -2.1610742e+01  -4.2893752e+00
  -7.9627744e+01  -3.6768076e+00
   8.4196759e+00  -4.4782033e+00
   8.3712295e+00  -4.5474051e+00
   1.6049515e+01  -4.5925378e+00
   8.2746240e+00  -4.8240018e+00
   1.9306780e+01  -4.8542127e+00
   1.9890318e+01  -4.9203880e+00
   3.9962355e+01  -4.8359564e+00
   8.1294027e+00  -5.1006974e+00
   2.2564493e+01  -5.1131754e+00
   7.7893265e+00  -5.1704870e+00
   2.2030259e+01  -5.1853186e+00
   2.2078862e+01  -5.1850447e+00
  -1.2031109e+02  -3.3973589e+00
   2.2564891e+01  -5.1822719e+00
   3.0001100e+01  -5.1323203e+00
   2.6939143e+01  -5.1546002e+00
   8.0324825e+00  -5.2390931e+00
  -1.2026251e+02  -3.3988528e+00
   3.1994357e+01  -5.1856289e+00
  -1.4422678e+01  -5.2898547e+00
  -1.1982740e+02  -3.4813365e+00
  -1.0462043e+02  -3.9176091e+00
   8.3243985e+00  -5.3766786e+00
   4.6770233e+01  -5.1060085e+00
   4.7547864e+01  -5.0966359e+00
   4.8131086e+01  -5.0895050e+00
   5.8095316e+01  -5.0233487e+00
   7.9843018e+00  -5.4464851e+00
   9.4428221e+00  -5.5814329e+00
   9.5889845e+00  -5.7192732e+00
  -1.2095759e+02  -3.8613349e+00
   4.6775188e+01  -5.5205648e+00
  -4.7429955e+01  -5.5126833e+00
   1.9894533e+01  -5.7495491e+00
  -1.1979362e+02  -3.9662811e+00
   4.7845389e+01  -5.5767287e+00
   4.7650957e+01  -5.5791011e+00
   9.5407118e+00  -5.8575869e+00
   4.6921838e+01  -5.5879117e+00
   9.8811657e+00  -5.9258400e+00
   4.6776840e+01  -5.6587502e+00
   4.7651799e+01  -5.6481936e+00
   1.4596541e+01  -5.9110932e+00
   1.9749401e+01  -5.8884813e+00
   4.0070164e+01  -5.8713728e+00
   4.2986844e+01  -5.8404217e+00
   4.5952922e+01  -5.8758193e+00
  -1.6905971e+01  -6.3163878e+00
   4.6733181e+01  -6.0738873e+00
   1.0465621e+01  -6.3389081e+00
  -9.4684785e+01  -5.2074748e+00
   1.9654953e+01  -6.4417451e+00
   4.6492573e+01  -6.2840607e+00
  -5.7242980e+00  -6.5560078e+00
   4.6542012e+01  -6.3525756e+00
   4.6736482e+01  -6.3502583e+00
   4.6690337e+01  -6.5581168e+00
  -1.0489981e+01  -6.8916264e+00
   4.6501602e+01  -7.0440816e+00
   3.0020173e+01  -7.6197635e+00
  -7.7688063e+00  -7.7962447e+00
   4.8696643e+01  -7.5702159e+00
   4.8210316e+01  -7.5762345e+00
   4.7724831e+01  -7.6512854e+00
  -1.1339331e+02  -6.2999556e+00
   4.5975639e+01  -7.8104213e+00
   5.8038055e+01  -7.7193041e+00
   5.6434109e+01  -7.8118559e+00
   4.7729884e+01  -8.0658409e+00
   4.5832967e+01  -8.0885038e+00
   5.2253258e+01  -8.0080905e+00
   2.1999900e+01  -8.4331321e+00
   4.5981318e+01  -8.2940720e+00
   2.2048933e+01  -8.5019552e+00
   4.5932676e+01  -8.2946429e+00
   4.5738917e+01  -8.3660133e+00
  -1.1322081e+02  -7.0653411e+00
   4.5644047e+01  -8.5744275e+00
  -5.4360304e+00  -9.0439391e+00
   1.4657048e+01  -9.0893840e+00
   1.4365139e+01  -9.0904655e+00
   1.4657306e+01  -9.1584813e+00
   1.4657565e+01  -9.2275786e+00
   1.4658341e+01  -9.4348705e+00
   1.5388177e+01  -9.4320712e+00
   1.5534967e+01  -9.6387868e+00
   4.5513364e+01  -9.8888948e+00
   2.0063010e+01  -1.0171002e+01
   2.1523336e+01  -1.0232350e+01
  -1.0408336e+02  -9.3234600e+00
   1.7777950e+01  -1.0665727e+01
   4.5520588e+01  -1.0510733e+01
   4.5521391e+01  -1.0579826e+01
   1.7924595e+01  -1.0803256e+01
   1.8022258e+01  -1.0871907e+01
   1.7778890e+01  -1.0873018e+01
   4.5329109e+01  -1.0789363e+01
   1.5930975e+01  -1.1295558e+01
   1.8559959e+01  -1.1353087e+01
   1.8511279e+01  -1.1353317e+01
   2.0069026e+01  -1.1345650e+01
  -1.0006263e+02  -1.0119431e+01
   4.2363802e+01  -1.1168054e+01
   1.4616901e+01  -1.1369778e+01
   2.1334692e+01  -1.1338963e+01
   2.1772807e+01  -1.1336554e+01
   2.5082999e+01  -1.1316765e+01
   4.5528616e+01  -1.1201665e+01
   1.6515704e+01  -1.1431334e+01
   2.7957527e+01  -1.1642810e+01
   4.9300155e+00  -1.1739426e+01
   2.9515908e+01  -1.1700483e+01
   1.6907235e+01  -1.1913354e+01
  -5.0524630e+01  -1.1762369e+01
   5.8146139e+01  -1.1725814e+01
   2.5428684e+01  -1.2074630e+01
   2.0072918e+01  -1.2105716e+01
   3.0395433e+01  -1.2108361e+01
   3.5557065e+01  -1.2134036e+01
   1.9830172e+01  -1.2245150e+01
  -1.0003689e+02  -1.1018653e+01
   4.2081381e+01  -1.2069421e+01
   4.7827421e+01  -1.2072622e+01
   5.2696237e+01  -1.2010189e+01
   1.7395940e+01  -1.2325807e+01
   2.0074333e+01  -1.2382104e+01
   5.5375028e+01  -1.2042365e+01
   4.3399028e+01  -1.2331462e+01
   4.3447720e+01  -1.2330923e+01
   2.0318870e+01  -1.2588141e+01
   2.7330908e+01  -1.2545524e+01
   2.0075395e+01  -1.2589395e+01
   2.7720951e+01  -1.2611885e+01
   2.7673232e+01  -1.2750422e+01
   3.8113485e+00  -1.2846241e+01
   5.8060027e+01  -1.2487251e+01
   2.5433615e+01  -1.2834691e+01
   4.2986332e+00  -1.3122129e+01
   2.0663012e+01  -1.3208232e+01
   4.1508091e+01  -1.3112061e+01
   4.2988605e+00  -1.3329423e+01
   4.1654929e+01  -1.3179606e+01
   4.1557525e+01  -1.3180639e+01
   4.1460851e+01  -1.3250765e+01
   4.9321885e+00  -1.3466873e+01
   4.4938356e+00  -1.3467400e+01
   4.1266765e+01  -1.3321914e+01
   4.2995423e+00  -1.3951304e+01
   2.0569593e+01  -1.3968812e+01
   2.1300275e+01  -1.3964911e+01
   2.1348987e+01  -1.3964646e+01
   2.1593308e+01  -1.4101507e+01
   5.0793800e+00  -1.4295862e+01
   4.5512815e+01  -1.4035055e+01
   2.1399584e+01  -1.4309866e+01
   4.5435821e+00  -1.4365617e+01
   2.1594830e+01  -1.4377895e+01
  -6.2441945e+01  -1.4009357e+01
   4.5516022e+01  -1.4311428e+01
   4.5710887e+01  -1.4309162e+01
   4.6003185e+01  -1.4305744e+01
   4.5321157e+01  -1.4313685e+01
   4.4249394e+01  -1.4325924e+01
   2.1595591e+01  -1.4516089e+01
  -5.1241419e+01  -1.4448114e+01
   4.5469709e+01  -1.4519274e+01
   4.7322690e+01  -1.4635560e+01
   5.7068620e+01  -1.4644074e+01
  -1.0195838e+02  -1.3733984e+01
   1.4533878e+01  -1.5239600e+01
   5.7140993e+00  -1.5262362e+01
   2.1551047e+01  -1.5276424e+01
  -1.1316902e+02  -1.3702996e+01
  -3.4681760e+01  -1.5182309e+01
  -5.1297366e+01  -1.5000214e+01
   2.0576480e+01  -1.5281657e+01
   1.6044724e+01  -1.5302810e+01
   2.2379823e+01  -1.5340882e+01
  -1.0221092e+02  -1.4073017e+01
   2.3062031e+01  -1.5336931e+01
  -9.7242080e+01  -1.4199361e+01
   3.6189144e+00  -1.5403051e+01
  -7.9364150e+01  -1.4670969e+01
   2.4475604e+01  -1.5397466e+01
   4.6910553e+00  -1.5471014e+01
  -3.5220240e+01  -1.5453915e+01
   4.4261867e+01  -1.5431423e+01
   5.8592365e+01  -1.5519983e+01
   3.3837021e+01  -1.5949795e+01
   2.4480778e+01  -1.6226627e+01
  -3.8638169e+01  -1.6112755e+01
  -1.1938431e+02  -1.4486534e+01
  -2.7525597e+01  -1.6206449e+01
  -1.1319891e+02  -1.4739036e+01
   3.5547810e+01  -1.6487475e+01
   5.3047208e+01  -1.6359029e+01
   2.1413157e+01  -1.6797361e+01
   2.1559399e+01  -1.6796560e+01
   2.0584453e+01  -1.6801795e+01
   1.6050942e+01  -1.6822957e+01
   2.3216803e+01  -1.6787105e+01
   3.2431077e+01  -1.6859975e+01
  -5.5559879e+01  -1.6600677e+01
   5.3051878e+01  -1.6704489e+01
   2.3120937e+01  -1.7064069e+01
   5.1980377e+01  -1.6787932e+01
   2.3364690e+01  -1.7062625e+01
   4.4668224e+01  -1.6877972e+01
  -2.7483631e+01  -1.7174141e+01
   2.3560521e+01  -1.7199653e+01
  -5.0640179e+01  -1.6943663e+01
   3.6674717e+01  -1.7099016e+01
   3.7845406e+01  -1.7157003e+01
   4.4621833e+01  -1.7085808e+01
   4.4231826e+01  -1.7090223e+01
   4.4426829e+01  -1.7088020e+01
   4.7498119e+01  -1.7052052e+01
   4.6913113e+01  -1.7059088e+01
   2.6291567e+01  -1.7320508e+01
   2.3463843e+01  -1.7338431e+01
   2.8046699e+01  -1.7308358e+01
   4.7596457e+01  -1.7119964e+01
  -5.2592912e+01  -1.7125293e+01
   3.2093796e+01  -1.7346451e+01
   3.5459062e+01  -1.7455693e+01
  -5.3667328e+01  -1.7248958e+01
   4.4624975e+01  -1.7362183e+01
  -2.6023362e+01  -1.7529594e+01
   3.7848737e+01  -1.7502478e+01
   4.7843582e+01  -1.7393372e+01
   4.7794828e+01  -1.7393966e+01
   4.7746073e+01  -1.7394560e+01
   4.7651080e+01  -1.7603024e+01
   3.7606943e+01  -1.7712107e+01
   3.7850736e+01  -1.7709763e+01
   3.7854067e+01  -1.8055239e+01
  -5.1189933e+01  -1.7973093e+01
  -5.5578465e+01  -1.7913412e+01
  -6.2552310e+01  -1.7877586e+01
  -9.4731858e+01  -1.7232880e+01
  -8.5470112e+01  -1.7514596e+01
  -7.9473013e+01  -1.7640595e+01
  -2.7250422e+01  -1.8695967e+01
   4.7515679e+01  -1.8503009e+01
   4.7027994e+01  -1.8508881e+01
   2.4986206e+01  -1.9056528e+01
  -9.8309786e+01  -1.7905215e+01
   4.7276828e+01  -1.8920513e+01
   4.7813338e+01  -1.8914017e+01
  -5.5592160e+01  -1.8880692e+01
   1.6012338e+01  -1.9310674e+01
   1.5573605e+01  -1.9381538e+01
   2.0549446e+01  -1.9427751e+01
   4.6743608e+01  -1.9203310e+01
   3.7915506e+01  -1.9367576e+01
  -5.2328026e+01  -1.9201967e+01
  -5.2571911e+01  -1.9198710e+01
   2.5183966e+01  -1.9469863e+01
  -5.2573761e+01  -1.9336894e+01
   2.5819020e+01  -1.9603939e+01
  -5.2817655e+01  -1.9333621e+01
  -5.3550277e+01  -1.9392804e+01
  -5.5599007e+01  -1.9364332e+01
   3.7917507e+01  -1.9574861e+01
   2.1527317e+01  -1.9837109e+01
   3.8065192e+01  -1.9711636e+01
   1.2062972e+01  -1.9877582e+01
   1.1233816e+01  -1.9949140e+01
   2.7431240e+01  -1.9938509e+01
   3.7968961e+01  -1.9850771e+01
   1.1331588e+01  -2.0017958e+01
   5.0750450e+01  -1.9706402e+01
   4.4506117e+01  -1.9782130e+01
   2.7285362e+01  -2.0008625e+01
   2.5236743e+01  -2.0091423e+01
   2.7481477e+01  -2.0145458e+01
  -1.7502956e+01  -2.0271701e+01
   2.7628330e+01  -2.0213528e+01
  -1.4233994e+01  -2.0284908e+01
  -1.6917471e+01  -2.0274266e+01
  -1.0234053e+02  -1.9046399e+01
  -1.1014006e+01  -2.0364356e+01
   1.2064458e+01  -2.0361270e+01
   2.7482928e+01  -2.0352749e+01
   5.3731891e+01  -2.0081372e+01
   3.8460872e+01  -2.0260595e+01
   4.4852341e+01  -2.0192809e+01
   4.4510815e+01  -2.0196694e+01
   5.6610369e+01  -2.0040939e+01
   5.6514782e+01  -2.0180527e+01
   5.6222047e+01  -2.0184728e+01
   4.9002863e+01  -2.0419635e+01
   4.4515513e+01  -2.0611259e+01
   3.3098567e+01  -2.0862250e+01
   2.5290869e+01  -2.0920274e+01
   3.2220773e+01  -2.0938649e+01
   3.8027779e+01  -2.0886728e+01
   3.2708760e+01  -2.0934616e+01
   3.5002290e+01  -2.0914850e+01
   3.3001552e+01  -2.0932167e+01
   3.3099149e+01  -2.0931346e+01
   3.2465338e+01  -2.1005736e+01
   3.3246129e+01  -2.0999206e+01
   3.3294929e+01  -2.0998793e+01
   2.5047758e+01  -2.1060032e+01
   3.4857121e+01  -2.1054343e+01
   3.5003521e+01  -2.1053042e+01
   3.3149696e+01  -2.1138223e+01
   3.5150540e+01  -2.1120830e+01
   3.7980985e+01  -2.1094486e+01
   3.8224988e+01  -2.1092119e+01
   2.5243846e+01  -2.1196977e+01
   3.7785782e+01  -2.1096368e+01
   1.5581278e+01  -2.1316280e+01
   1.6557345e+01  -2.1312288e+01
   1.6069312e+01  -2.1314314e+01
   2.0559571e+01  -2.1362482e+01
   3.5981420e+01  -2.1251511e+01
   4.6493566e+00  -2.1413525e+01
   2.5995634e+00  -2.1415416e+01
   3.7982989e+01  -2.1301772e+01
   3.2370585e+01  -2.1352022e+01
   1.7680443e+01  -2.1445593e+01
   2.5148012e+01  -2.1473992e+01
  -5.0631171e+00  -2.1689408e+01
  -5.3071572e+00  -2.1689086e+01
   5.4580482e+01  -2.1451776e+01
   5.0774557e+01  -2.1571907e+01
   1.6071856e+01  -2.1936197e+01
   5.3752685e+01  -2.1601398e+01
   4.9750492e+01  -2.1654111e+01
   5.6778697e+01  -2.1558836e+01
   5.6535659e+01  -2.1631446e+01
   1.9050331e+01  -2.2130184e+01
   1.9587968e+01  -2.2265740e+01
   1.6073551e+01  -2.2350785e+01
   1.5780654e+01  -2.2351972e+01
   1.2070825e+01  -2.2434218e+01
   2.0615261e+01  -2.2675083e+01
   4.4100395e+01  -2.2758133e+01
   5.7087592e+01  -2.2660055e+01
   4.2589927e+01  -2.3051203e+01
   5.1036532e+01  -2.2950603e+01
   4.4054672e+01  -2.3035058e+01
   4.4397225e+01  -2.3100307e+01
   4.3762492e+01  -2.3107425e+01
   5.6457893e+01  -2.3014680e+01
   4.9622387e+01  -2.3106919e+01
   5.3772535e+01  -2.3052335e+01
   5.1039224e+01  -2.3157882e+01
   4.3080448e+01  -2.3253166e+01
   5.4554691e+01  -2.3110662e+01
   9.6324993e+00  -2.3477435e+01
   4.7866343e+01  -2.3266904e+01
   5.7338747e+01  -2.3140142e+01
   4.2740909e+01  -2.3464181e+01
   4.8795782e+01  -2.3393684e+01
   4.9138449e+01  -2.3458520e+01
   1.1586725e+01  -2.3817656e+01
   4.8992820e+01  -2.3529442e+01
   4.2743163e+01  -2.3671465e+01
   4.8798355e+01  -2.3600964e+01
   4.9043375e+01  -2.3667019e+01
   1.1929195e+01  -2.4023929e+01
   4.9093933e+01  -2.3804597e+01
   5.6517643e+01  -2.3773987e+01
   4.7878123e+01  -2.4234216e+01
   5.7011993e+01  -2.4181486e+01
   5.7012994e+01  -2.4250577e+01
   5.6526582e+01  -2.4395813e+01
   2.4827315e+01  -2.4792838e+01
   3.7967543e+01  -2.4757020e+01
   4.2755183e+01  -2.4776982e+01
   2.4584378e+01  -2.5001665e+01
  -6.2659100e+01  -2.4579298e+01
   2.4780210e+01  -2.5069537e+01
   4.2756686e+01  -2.4915172e+01
   4.2952078e+01  -2.4913042e+01
   1.3984280e+01  -2.5122746e+01
  -1.0246655e+02  -2.3881659e+01
   3.8214459e+01  -2.5031037e+01
   3.8019061e+01  -2.5032931e+01
   3.7725964e+01  -2.5035754e+01
   4.2562041e+01  -2.4986386e+01
  -1.0901031e+02  -2.3705673e+01
   1.4619595e+01  -2.5189535e+01
   2.5025339e+01  -2.5206185e+01
  -1.0901223e+02  -2.3774745e+01
   3.7141073e+01  -2.5179525e+01
   4.2758939e+01  -2.5122456e+01
   5.3897646e+01  -2.5054676e+01
  -1.2151737e+02  -2.3546388e+01
   2.4782387e+01  -2.5415025e+01
   3.6995819e+01  -2.5319099e+01
   1.4572280e+01  -2.5604307e+01
   5.7962330e+01  -2.5687933e+01
   1.6822638e+01  -2.6286323e+01
   1.4575096e+01  -2.6364392e+01
   1.5552417e+01  -2.6360650e+01
   1.1594872e+01  -2.6581603e+01
   1.1350926e+01  -2.6720514e+01
   3.0069716e+01  -2.6829276e+01
   3.3295833e+01  -2.6872398e+01
   3.3100343e+01  -2.6874048e+01
   2.7578214e+01  -2.6985732e+01
   3.3931769e+01  -2.6936067e+01
  -2.6283005e+01  -2.7201899e+01
   9.6908597e+00  -2.7346848e+01
  -1.9733869e+01  -2.7309296e+01
  -4.3372424e+00  -2.7356391e+01
   3.7277645e+00  -2.7426115e+01
   9.6421507e+00  -2.7416067e+01
   1.4285662e+01  -2.7401948e+01
   3.3104413e+01  -2.7357725e+01
  -8.5618297e+01  -2.6565440e+01
   2.7582089e+01  -2.7538512e+01
   3.3252216e+01  -2.7494682e+01
   3.3105575e+01  -2.7495919e+01
   2.4649675e+01  -2.7627074e+01
   2.7729218e+01  -2.7606579e+01
   2.7583058e+01  -2.7676707e+01
   2.7436411e+01  -2.7677732e+01
   3.2813447e+01  -2.7636569e+01
   3.0516529e+01  -2.7724153e+01
   2.7583542e+01  -2.7745805e+01
  -4.3377756e+00  -2.7840086e+01
  -2.3335138e+00  -2.7841784e+01
   4.2659609e+00  -2.7909263e+01
   2.4650973e+01  -2.7834368e+01
   2.4455436e+01  -2.7835588e+01
   3.3107901e+01  -2.7772306e+01
   2.4846510e+01  -2.7833138e+01
   3.4818822e+01  -2.7757540e+01
   3.0615370e+01  -2.7861588e+01
   3.0468716e+01  -2.7862726e+01
   3.0273177e+01  -2.7864235e+01
   3.0420899e+01  -2.8001299e+01
   2.4652272e+01  -2.8041662e+01
   3.3745756e+01  -2.8043295e+01
   3.4821879e+01  -2.8103023e+01
   5.4885745e+00  -2.8253245e+01
   3.5066317e+01  -2.8100852e+01
   3.4186339e+01  -2.8108595e+01
   3.3991385e+01  -2.8179385e+01
  -3.7818909e-01  -2.8395253e+01
   5.3889477e+01  -2.8026330e+01
   5.8289246e+01  -2.7963625e+01
   3.7267564e+01  -2.8218828e+01
   5.7068097e+01  -2.8050628e+01
   3.3992578e+01  -2.8317579e+01
  -4.3384611e+00  -2.8461979e+01
   5.8312108e+00  -2.8529150e+01
   5.8926831e+01  -2.8092344e+01
   3.5019889e+01  -2.8377674e+01
   5.8437955e+01  -2.8099633e+01
   5.8340180e+01  -2.8101084e+01
   5.8193517e+01  -2.8103255e+01
   3.7270181e+01  -2.8495213e+01
   5.8342228e+01  -2.8239267e+01
   3.7025719e+01  -2.8497521e+01
   4.2746108e+01  -2.8439552e+01
   6.1248912e+00  -2.8736003e+01
   3.7466409e+01  -2.8562453e+01
  -8.7165343e+01  -2.7982909e+01
   4.2700964e+01  -2.8785559e+01
   4.3239580e+01  -2.8848783e+01
   5.3850988e+01  -2.8787021e+01
   4.3142544e+01  -2.8918951e+01
   4.5148140e+01  -2.8965563e+01
   4.4903648e+01  -2.8968359e+01
   4.5441530e+01  -2.8962187e+01
   4.2458719e+01  -2.8995490e+01
   4.9206681e+01  -2.8916922e+01
  -8.5704771e+01  -2.8291448e+01
   4.2409820e+01  -2.8996017e+01
   4.3192958e+01  -2.9056605e+01
   4.2312765e+01  -2.9066165e+01
   4.1970468e+01  -2.9069829e+01
   4.5198625e+01  -2.9103192e+01
   1.0625142e+01  -2.9417424e+01
  -8.4731431e+01  -2.8519868e+01
  -6.8889521e+01  -2.8828994e+01
   5.3512472e+01  -2.9068061e+01
   5.3854769e+01  -2.9063393e+01
   5.4245965e+01  -2.9058022e+01
   5.2485577e+01  -2.9081886e+01
   4.9160371e+01  -2.9124815e+01
   4.9404873e+01  -2.9121754e+01
  -7.3730236e+01  -2.8741302e+01
   4.8964770e+01  -2.9127253e+01
   4.2216448e+01  -2.9205406e+01
   4.7937860e+01  -2.9139892e+01
   9.6959651e+00  -2.9419822e+01
   4.3293036e+01  -2.9262817e+01
   4.5201005e+01  -2.9310476e+01
   4.9162960e+01  -2.9332098e+01
   5.3858550e+01  -2.9339765e+01
  -2.6299160e+01  -2.9620323e+01
   3.0140805e+01  -2.9730990e+01
  -2.6300083e+01  -2.9758519e+01
  -2.6251175e+01  -2.9758846e+01
  -8.6262238e+01  -2.9177778e+01
   1.3512847e+01  -3.0099571e+01
  -8.6216362e+01  -2.9317015e+01
   1.4589433e+01  -3.0233929e+01
  -3.5792593e+01  -3.0167383e+01
  -1.2166894e+02  -2.8450080e+01
  -1.0915203e+02  -2.8817042e+01
  -1.0264866e+02  -2.8991985e+01
  -3.8825207e+01  -3.0138649e+01
  -5.2814963e+01  -3.0044961e+01
  -8.9691566e+01  -2.9377613e+01
  -6.2792784e+01  -2.9898484e+01
   2.7797610e+01  -3.0370143e+01
  -8.6515850e+01  -2.9586910e+01
  -8.6712996e+01  -2.9651689e+01
   4.8883265e+01  -3.0441259e+01
   2.5060955e+01  -3.0803117e+01
  -8.5302174e+01  -3.0028086e+01
   4.8691016e+01  -3.0720060e+01
   2.5306893e+01  -3.1008847e+01
   4.8936475e+01  -3.0786123e+01
   2.5111198e+01  -3.1010100e+01
   1.2880374e+01  -3.1138191e+01
   2.4915940e+01  -3.1080441e+01
   4.8546810e+01  -3.0929155e+01
   2.5112520e+01  -3.1217395e+01
   5.3882181e+01  -3.1067093e+01
   5.2463367e+01  -3.1086248e+01
   4.3999277e+01  -3.1189896e+01
   1.0631109e+01  -3.1628605e+01
   4.0139030e+01  -3.1714851e+01
   1.0632042e+01  -3.1974103e+01
   4.0286534e+01  -3.1782449e+01
   4.7968992e+01  -3.1696389e+01
   4.0189372e+01  -3.1852545e+01
  -1.9758128e+01  -3.2146203e+01
   4.0240424e+01  -3.2059334e+01
  -7.3394420e+01  -3.1719377e+01
  -4.2938616e+00  -3.2400709e+01
  -2.3362182e+00  -3.2402357e+01
   4.6134172e+00  -3.2400348e+01
   7.1094106e+00  -3.2396635e+01
   9.6545114e+00  -3.2460320e+01
   9.8992205e+00  -3.2459713e+01
  -3.2963887e-01  -3.2472135e+01
   4.0439008e+01  -3.2333715e+01
  -8.4211173e+01  -3.1641225e+01
   5.7813347e+01  -3.2186173e+01
   1.0584963e+01  -3.2665231e+01
   3.7506530e+01  -3.2777341e+01
   1.0536942e+01  -3.3010860e+01
  -1.9811235e+01  -3.2975146e+01
   3.5109414e+01  -3.2937635e+01
  -1.8587854e+01  -3.3050208e+01
   2.5467062e+01  -3.3080854e+01
   3.3740058e+01  -3.3087804e+01
  -2.1623833e+01  -3.3242020e+01
  -3.6016033e+01  -3.3205864e+01
  -8.9954999e+01  -3.2343664e+01
  -5.2512173e+01  -3.3020565e+01
   1.7440517e+01  -3.3400956e+01
   1.8272726e+01  -3.3397185e+01
   1.8517493e+01  -3.3396043e+01
   2.5517801e+01  -3.3356931e+01
   3.8147506e+01  -3.3254910e+01
   5.3909593e+01  -3.3070801e+01
   1.4797024e+01  -3.3411769e+01
   5.2490058e+01  -3.3089966e+01
   2.5713613e+01  -3.3355658e+01
   5.1951612e+01  -3.3097101e+01
  -7.3364782e+01  -3.2756607e+01
  -7.4343688e+01  -3.2738259e+01
   4.7203455e+01  -3.3156839e+01
   4.6909752e+01  -3.3160346e+01
   1.0440143e+01  -3.3425720e+01
   2.7671726e+01  -3.3342395e+01
   3.3986594e+01  -3.3292993e+01
   3.3742425e+01  -3.3364194e+01
   3.2567551e+01  -3.3374078e+01
   3.2763363e+01  -3.3372455e+01
   3.3008129e+01  -3.3370412e+01
   3.3546613e+01  -3.3365865e+01
  -1.9813666e+01  -3.3458840e+01
   3.0070934e+01  -3.3393920e+01
  -7.4346295e+01  -3.2876434e+01
   4.7107206e+01  -3.3296200e+01
   4.7254891e+01  -3.3363537e+01
   4.7646515e+01  -3.3358822e+01
   3.8443238e+01  -3.3459346e+01
   2.5519143e+01  -3.3564227e+01
   2.7184105e+01  -3.3622196e+01
   4.7059904e+01  -3.3434975e+01
   3.2716705e+01  -3.3649252e+01
   4.0647597e+01  -3.3575434e+01
   3.7337871e+00  -3.3783281e+01
  -4.2464840e+00  -3.3851862e+01
   4.6914687e+01  -3.3574917e+01
  -3.2976028e-01  -3.3923236e+01
   4.0453193e+01  -3.3715642e+01
   4.0208406e+01  -3.3718147e+01
   4.6426758e+01  -3.3718905e+01
   3.9083069e+01  -3.3798570e+01
  -2.2392782e+00  -3.4060814e+01
   4.7064029e+01  -3.3780451e+01
   4.0309147e+01  -3.3993532e+01
  -2.2393567e+00  -3.4199014e+01
  -2.1904701e+00  -3.4337242e+01
   4.4276506e+01  -3.4089170e+01
   3.7343763e+00  -3.4405182e+01
  -3.2980075e-01  -3.4406937e+01
   4.4082976e+01  -3.4298653e+01
   4.4278834e+01  -3.4296458e+01
   4.4474693e+01  -3.4294253e+01
   5.1968008e+01  -3.4340795e+01
   4.4281163e+01  -3.4503745e+01
  -2.0114090e+01  -3.4770238e+01
  -1.8644974e+01  -3.4777460e+01
   5.0109962e+01  -3.4572170e+01
  -1.8547683e+01  -3.4916121e+01
   2.6066791e+01  -3.4942676e+01
  -1.8401411e+01  -3.5055009e+01
   4.0123149e+01  -3.4962883e+01
   3.7234391e+01  -3.5060328e+01
   2.6215088e+01  -3.5148999e+01
   3.5128499e+01  -3.5079654e+01
   3.2631373e+01  -3.5170216e+01
   2.5921691e+01  -3.5220040e+01
   4.0125258e+01  -3.5170173e+01
   4.0419111e+01  -3.5167172e+01
   3.6990817e+01  -3.5200828e+01
   2.6461355e+01  -3.5354659e+01
   3.7236348e+01  -3.5267620e+01
   2.1759472e+01  -3.5383412e+01
   2.6412377e+01  -3.5354987e+01
   3.5130347e+01  -3.5286947e+01
   3.5277277e+01  -3.5285635e+01
   3.4983416e+01  -3.5288254e+01
   3.6599651e+01  -3.5273582e+01
   3.7530208e+01  -3.5264833e+01
   3.9881080e+01  -3.5241755e+01
   3.2436608e+01  -3.5310029e+01
   3.0085697e+01  -3.5328669e+01
   3.2632517e+01  -3.5308412e+01
   2.7881708e+01  -3.5344871e+01
   3.2828426e+01  -3.5306786e+01
   7.1638759e+00  -3.5436946e+01
   3.9881779e+01  -3.5310852e+01
   3.5131578e+01  -3.5425142e+01
   1.3580561e+01  -3.5558268e+01
   2.8128075e+01  -3.5550427e+01
   2.7883174e+01  -3.5552166e+01
   2.7638273e+01  -3.5553891e+01
   3.2634233e+01  -3.5515706e+01
   4.0128071e+01  -3.5446560e+01
   2.9891359e+01  -3.5537454e+01
   1.4805327e+01  -3.5622960e+01
   3.0087279e+01  -3.5535964e+01
   4.0177050e+01  -3.5446062e+01
   3.0332710e+01  -3.5603186e+01
   5.1981672e+01  -3.5377209e+01
   5.1247001e+01  -3.5386826e+01
   2.7933133e+01  -3.5690017e+01
   1.4905118e+01  -3.6106290e+01
   8.6349034e+00  -3.6194106e+01
   5.1988959e+01  -3.5929964e+01
   5.2970511e+01  -3.6055114e+01
   5.3950238e+01  -3.6041833e+01
   5.7183313e+01  -3.5996276e+01
   1.3926595e+01  -3.6455372e+01
   2.5733902e+01  -3.6465104e+01
   1.5151646e+01  -3.6519957e+01
   4.1166003e+01  -3.6334215e+01
   8.9787646e+00  -3.6607942e+01
   8.6361138e+00  -3.6746908e+01
   4.4360435e+01  -3.7197941e+01
   3.5936006e+01  -3.7698305e+01
   4.4366651e+01  -3.7750711e+01
   4.4317643e+01  -3.7751262e+01
   1.3394492e+01  -3.8461146e+01
   2.1727997e+01  -3.8562261e+01
   2.0896160e+01  -3.8843161e+01
   1.4033424e+01  -3.8942635e+01
   2.7711999e+01  -3.9077594e+01
   1.5259783e+01  -3.9145388e+01
  -7.8717641e+01  -3.8458895e+01
  -7.7493588e+01  -3.8552237e+01
  -7.7444571e+01  -3.8553199e+01
  -1.0935391e+02  -3.7867030e+01
   1.5701832e+01  -3.9350958e+01
   2.1291311e+01  -3.9393865e+01
  -7.4457094e+01  -3.8748925e+01
  -7.7546679e+01  -3.8758537e+01
   3.5431648e+00  -3.9587906e+01
   3.3060218e+01  -3.9589242e+01
   2.7716366e+01  -3.9699487e+01
   2.1489304e+01  -3.9738302e+01
   2.8305242e+01  -3.9764411e+01
  -7.4466219e+01  -3.9232545e+01
  -7.3486986e+01  -3.9320013e+01
   2.7669756e+01  -4.0045328e+01
   3.7623970e+01  -3.9963002e+01
   2.7523130e+01  -4.0115456e+01
  -1.2197634e+02  -3.8395740e+01
  -9.0408459e+01  -3.9314262e+01
  -1.0938071e+02  -3.8834070e+01
   2.7180823e+01  -4.0256034e+01
   3.5419869e+01  -4.0259810e+01
   3.7087181e+01  -4.0244498e+01
   3.6449680e+01  -4.0250436e+01
   3.7430450e+01  -4.0241258e+01
  -8.1388717e+01  -3.9579672e+01
   1.7667874e+01  -4.0448275e+01
   2.7427456e+01  -4.0461636e+01
   2.7232245e+01  -4.0601193e+01
   3.7139470e+01  -4.0589528e+01
   2.7037019e+01  -4.0740741e+01
   3.6601280e+01  -4.0732762e+01
   2.7332244e+01  -4.0876914e+01
   2.6841780e+01  -4.0880279e+01
   3.6847792e+01  -4.0868678e+01
   2.3997922e+01  -4.1036794e+01
   2.8756096e+01  -4.1074110e+01
   3.6652890e+01  -4.1008701e+01
  -5.2077628e+01  -4.0904488e+01
   3.3171050e+01  -4.1108591e+01
   5.4016407e+01  -4.0878440e+01
   3.1160027e+01  -4.1124974e+01
   5.3967361e+01  -4.0879110e+01
   2.2527653e+01  -4.1252763e+01
   1.9584928e+01  -4.1337558e+01
   2.0762177e+01  -4.1331543e+01
   1.5758857e+01  -4.1354681e+01
  -5.0558947e+01  -4.1062441e+01
   1.3747710e+01  -4.1362195e+01
   3.3417466e+01  -4.1244721e+01
   3.6458612e+01  -4.1217812e+01
   2.4539601e+01  -4.1378977e+01
   2.0762540e+01  -4.1400644e+01
   3.3172791e+01  -4.1315888e+01
   1.6808051e+00  -4.1454871e+01
   3.2927532e+01  -4.1317941e+01
   3.6656097e+01  -4.1354192e+01
   4.5583509e+01  -4.1261226e+01
   4.4357229e+01  -4.1275192e+01
   5.4020188e+01  -4.1154819e+01
   1.6808934e+00  -4.1662175e+01
   1.5337250e+00  -4.1662235e+01
   3.3174533e+01  -4.1523185e+01
  -7.7196699e-01  -4.1938863e+01
  -6.7081706e+00  -4.1933241e+01
  -2.2437537e+00  -4.1938301e+01
   2.6014818e+01  -4.1922357e+01
  -9.1614643e+00  -4.2066515e+01
   1.8950566e+01  -4.2031675e+01
   4.5688006e+01  -4.1812867e+01
   8.9913498e+00  -4.2136008e+01
   5.4372098e+01  -4.1771960e+01
   2.7487559e+01  -4.2050588e+01
   2.7538065e+01  -4.2257545e+01
   3.6664436e+01  -4.2252472e+01
   2.0767627e+01  -4.2368051e+01
   2.1748924e+01  -4.2362769e+01
   2.2533961e+01  -4.2358368e+01
   2.7734804e+01  -4.2325272e+01
   2.8667026e+01  -4.2318616e+01
   5.4526901e+01  -4.2322690e+01
   2.5726313e+01  -4.2822586e+01
   2.7297045e+01  -4.2881147e+01
   2.2537115e+01  -4.2911172e+01
   5.6250049e+01  -4.2713177e+01
   3.3384181e+01  -4.3110810e+01
   5.6939008e+01  -4.2841524e+01
   3.4022739e+01  -4.3174466e+01
   2.5729463e+01  -4.3306288e+01
   2.9508344e+01  -4.3279869e+01
   2.2735787e+01  -4.3324651e+01
   2.7250834e+01  -4.3296086e+01
   3.3287197e+01  -4.3249836e+01
   5.4586468e+01  -4.3082058e+01
   2.3766814e+01  -4.3387685e+01
   2.8723626e+01  -4.3354756e+01
   3.1226554e+01  -4.3335766e+01
   3.3435010e+01  -4.3317692e+01
   3.3682160e+01  -4.3522906e+01
   4.8013036e+01  -4.3374738e+01
   3.3928149e+01  -4.3589905e+01
   3.3487600e+01  -4.3731872e+01
  -1.2110637e+01  -4.3855224e+01
  -3.6848893e+01  -4.3771058e+01
   4.4629803e+01  -4.3690830e+01
   4.5611427e+01  -4.3679620e+01
   5.2532714e+01  -4.3662765e+01
   5.4547886e+01  -4.3842782e+01
   2.0729074e+01  -4.4372231e+01
   1.8421851e+01  -4.4383660e+01
   2.1809048e+01  -4.4366418e+01
   2.2938111e+01  -4.4360026e+01
   4.1542753e+01  -4.4208234e+01
   3.6683038e+01  -4.4256336e+01
   2.7129695e+00  -4.4425668e+01
   3.3443197e+01  -4.4285083e+01
  -7.7246677e-01  -4.4495626e+01
   2.3233867e+01  -4.4565607e+01
   5.4606517e+01  -4.4533057e+01
   2.9077843e+01  -4.4803344e+01
  -1.9969183e+01  -4.4859864e+01
  -2.6205701e+01  -4.5030742e+01
   5.4757621e+01  -4.4807401e+01
  -1.2208524e+02  -4.3508311e+01
  -1.3146443e+01  -4.5372166e+01
   1.3761664e+01  -4.5370072e+01
  -8.2175922e-01  -4.5463045e+01
   4.5628976e+01  -4.5199761e+01
   8.6551786e+00  -4.5453654e+01
   5.2944798e+01  -4.5108535e+01
   5.3092094e+01  -4.5106559e+01
   3.0751375e+01  -4.5343509e+01
   2.6628667e+01  -4.5649849e+01
  -1.1346493e+02  -4.4387415e+01
   5.4572687e+01  -4.5639263e+01
  -1.1351402e+02  -4.4386006e+01
   5.5408448e+01  -4.5696746e+01
   2.6091697e+01  -4.6137155e+01
   2.6043495e+01  -4.6275681e+01
   3.1741178e+01  -4.6303147e+01
   2.7714318e+01  -4.6402530e+01
   2.8745732e+01  -4.6395165e+01
   3.3313980e+01  -4.6428417e+01
   3.3118676e+01  -4.6568267e+01
   3.3218071e+01  -4.6705643e+01
   3.3316891e+01  -4.6773916e+01
   3.3120991e+01  -4.6844667e+01
   2.8749751e+01  -4.6947970e+01
   1.5830870e+01  -4.7089897e+01
   2.2758852e+01  -4.7332507e+01
   2.2660599e+01  -4.7333071e+01
  -8.1583139e+01  -4.6625533e+01
  -8.1190197e+01  -4.6633621e+01
   2.2759250e+01  -4.7401608e+01
   3.2979392e+01  -4.7536899e+01
   2.1288030e+01  -4.7893527e+01
   2.0256225e+01  -4.7898946e+01
   3.1753383e+01  -4.7823352e+01
   3.2736034e+01  -4.7815341e+01
   3.2981697e+01  -4.7813300e+01
   3.2984002e+01  -4.8089701e+01
   1.6671503e+01  -4.8399403e+01
   5.1020050e+01  -4.8174607e+01
   8.6126953e+00  -4.8494262e+01
   6.0552464e+01  -4.8040166e+01
   1.5984383e+01  -4.8609550e+01
   1.6624396e+01  -4.8883326e+01
   4.7149733e+01  -4.9190142e+01
   5.8651545e+01  -4.9105465e+01
   1.4218731e+01  -4.9583737e+01
   4.1647116e+01  -4.9459211e+01
   3.4962258e+01  -4.9523926e+01
   3.6731790e+01  -4.9507894e+01
   5.8801044e+01  -4.9241467e+01
   3.2901817e+01  -5.0025333e+01
   8.6164567e+00  -5.0221832e+01
   3.1724191e+01  -5.0311371e+01
   3.2609134e+01  -5.0304178e+01
   3.2854951e+01  -5.0302145e+01
   3.3051605e+01  -5.0300507e+01
   9.6493734e+00  -5.0426758e+01
   3.6740129e+01  -5.0406196e+01
   3.2808079e+01  -5.0578956e+01
   4.0675418e+01  -5.0575027e+01
   9.6993851e+00  -5.0772153e+01
   9.7488948e+00  -5.0910238e+01
   1.1618203e+01  -5.1181607e+01
   2.8779896e+01  -5.1094033e+01
   9.7495756e+00  -5.1186651e+01
  -1.0781901e+02  -4.9937470e+01
  -1.1366877e+02  -4.9773777e+01
   1.7372501e+01  -5.1367848e+01
  -9.0661650e+01  -5.0367689e+01
   3.6698651e+01  -5.1235856e+01
   1.9732978e+01  -5.1356785e+01
   3.4682471e+01  -5.1254034e+01
   4.0829333e+01  -5.1195405e+01
   4.0730984e+01  -5.1196418e+01
   1.4274364e+01  -5.1380232e+01
   2.5782118e+01  -5.1391113e+01
  -2.0248240e+01  -5.1423287e+01
   2.2733139e+01  -5.1409797e+01
  -8.3140832e+01  -5.0601935e+01
   3.3011085e+01  -5.1337431e+01
   3.2765204e+01  -5.1339474e+01
   5.8631053e+01  -5.1040868e+01
   4.0686780e+01  -5.1680622e+01
   9.8498156e+00  -5.1946543e+01
   1.0538574e+01  -5.2013873e+01
   4.7677006e+01  -5.2155479e+01
   9.8020003e+00  -5.2499492e+01
   9.6545965e+00  -5.2568958e+01
   4.7337657e+01  -5.2574202e+01
  -1.0472214e+02  -5.1887069e+01
   4.7738686e+01  -5.3191367e+01
   4.7787885e+01  -5.3190773e+01
   5.4478917e+01  -5.3104385e+01
   5.7676782e+01  -5.3059104e+01
   5.8660733e+01  -5.3044652e+01
   6.2498105e+01  -5.2985953e+01
   6.2104531e+01  -5.2992145e+01
   6.3589305e+01  -5.3521484e+01
   1.4235617e+01  -5.4282747e+01
   1.4728517e+01  -5.4488259e+01
   3.2794945e+01  -5.4932749e+01
   3.2600336e+01  -5.5210781e+01
   3.2797233e+01  -5.5209156e+01
   2.8810544e+01  -5.5309255e+01
   2.5807772e+01  -5.5329950e+01
   3.3782309e+01  -5.5269987e+01
   2.2608080e+01  -5.5349498e+01
  -1.2239468e+02  -5.3523437e+01
   2.0048665e+01  -5.5432379e+01
   1.8719531e+01  -5.5438881e+01
   3.2995282e+01  -5.5345725e+01
   7.0407509e+01  -5.4995796e+01
   3.3440065e+01  -5.5549317e+01
   3.2800093e+01  -5.5554666e+01
   6.5338760e+01  -5.5151735e+01
   7.0557634e+01  -5.5131356e+01
   7.0411192e+01  -5.5203077e+01
   7.0510870e+01  -5.5270419e+01
   7.0812393e+01  -5.5610620e+01
   7.2488710e+01  -5.5718543e+01
  -1.1459832e+01  -5.6433993e+01
  -1.2741172e+01  -5.6775606e+01
  -1.2593441e+01  -5.6776078e+01
  -5.0712319e+01  -5.6886342e+01
  -5.0811695e+01  -5.6954180e+01
   3.7542381e+01  -5.7240268e+01
   3.7296133e+01  -5.7242592e+01
   1.4690056e+01  -5.7390810e+01
   2.5771573e+01  -5.7334261e+01
   3.2715892e+01  -5.7283036e+01
   3.3553144e+01  -5.7276038e+01
   3.3651644e+01  -5.7275204e+01
   2.5574570e+01  -5.7335537e+01
   3.2617392e+01  -5.7283848e+01
   9.6171391e+00  -5.7406361e+01
   1.2917000e+01  -5.7396983e+01
   1.8285409e+01  -5.7375857e+01
   1.8383912e+01  -5.7375402e+01
   1.2818497e+01  -5.7397303e+01
   1.8679420e+01  -5.7374021e+01
   1.8827174e+01  -5.7373322e+01
   4.0743593e+01  -5.7208661e+01
   2.2816518e+01  -5.7352369e+01
   1.9517032e+01  -5.7439091e+01
   5.2859610e+01  -5.7134734e+01
   4.4635039e+01  -5.7235866e+01
   4.7688497e+01  -5.7200311e+01
  -2.0229739e+01  -5.7435519e+01
   5.6770972e+00  -5.7483066e+01
   6.4481955e+01  -5.6962726e+01
   4.1502643e+00  -5.7484959e+01
   5.0347937e+01  -5.7167428e+01
  -6.9480145e+01  -5.6947390e+01
  -6.9086177e+01  -5.6954275e+01
  -6.8741455e+01  -5.6960267e+01
  -7.1745444e+01  -5.6907039e+01
  -7.1597708e+01  -5.6909710e+01
  -5.6824602e+01  -5.7218107e+01
  -5.6879798e+01  -5.7631987e+01
   3.1166638e+00  -5.8384271e+01
  -3.2501314e+01  -5.8321410e+01
  -3.6737917e+01  -5.8284423e+01
   2.8211790e+00  -5.8522702e+01
   7.1000908e+01  -5.7888067e+01
   5.1356173e+01  -5.8951376e+01
   4.6873310e+01  -5.9076000e+01
   5.2153590e+01  -5.9632084e+01
   5.1562238e+01  -5.9639814e+01
   5.2123371e+01  -6.1083824e+01
   4.7095002e+01  -6.1146686e+01
   4.0344606e+01  -6.1566604e+01
   2.9714074e+00  -6.1770555e+01
   2.0840821e+00  -6.2116650e+01
   3.3149138e+01  -6.1978770e+01
  -9.0321669e+01  -6.1365928e+01
   3.3398006e+01  -6.2253118e+01
   3.3644566e+01  -6.2251036e+01
   3.3151447e+01  -6.2255185e+01
   4.5627176e+01  -6.2131382e+01
   3.2954199e+01  -6.2256827e+01
   3.5173844e+01  -6.2306888e+01
   3.5223156e+01  -6.2306450e+01
   4.7107303e+01  -6.2183203e+01
   3.8675021e+01  -6.2274319e+01
   3.6505281e+01  -6.2294866e+01
   3.9858511e+01  -6.2262611e+01
   4.1140621e+01  -6.2249530e+01
   3.3153755e+01  -6.2531600e+01
   4.0649625e+01  -6.2461918e+01
  -8.8363472e+01  -6.2032118e+01
  -1.1331780e+02  -6.1605532e+01
  -9.0884539e+01  -6.2251692e+01
  -1.2135615e+02  -6.1437034e+01
   3.9620916e+01  -6.3163416e+01
  -7.8409608e+01  -6.2586818e+01
  -8.0382235e+01  -6.2547366e+01
  -2.0210739e+01  -6.3378777e+01
  -1.1677318e+01  -6.3413045e+01
  -2.0901301e+01  -6.3375202e+01
   1.3941999e+00  -6.3429972e+01
   3.8240529e+01  -6.3246061e+01
  -3.7179254e+01  -6.3325250e+01
   3.9475007e+01  -6.3372199e+01
   3.9080401e+01  -6.3376102e+01
   8.3323730e+01  -6.2763201e+01
  -9.0400861e+01  -6.2677481e+01
  -8.7839415e+01  -6.2873227e+01
  -8.8381928e+01  -6.2861187e+01
   8.3725559e+01  -6.3100356e+01
  -9.0015722e+01  -6.3100976e+01
  -1.0432218e+02  -6.2889104e+01
  -9.1847028e+01  -6.3335535e+01
  -9.1353776e+01  -6.3346914e+01
  -1.2272358e+02  -6.2570353e+01
  -8.9291422e+01  -6.3808571e+01
  -3.7144146e+01  -6.4845991e+01
   3.8207823e+01  -6.4974122e+01
  -8.9892776e+01  -6.4209749e+01
  -9.1376029e+01  -6.4314150e+01
  -8.9106498e+01  -6.4365717e+01
  -1.1143255e+01  -6.6455294e+01
  -5.7395611e+01  -6.6056370e+01
  -4.7425727e+01  -6.6256996e+01
  -5.7402598e+01  -6.6540071e+01
   9.5420408e+01  -6.7191503e+01
   2.1743842e+01  -6.8346467e+01
   1.7743744e+01  -6.8435442e+01
  -4.4543572e+01  -6.8985720e+01
   9.5050200e+01  -6.8237286e+01
   5.7568478e+01  -6.9371387e+01
  -7.2819522e-01  -7.0824656e+01
   6.5553172e-01  -7.0893777e+01
  -3.7599640e+01  -7.1269019e+01
   3.2291918e+01  -7.1799421e+01
   3.3181666e+01  -7.1792100e+01
  -2.7029845e+01  -7.2391534e+01
   4.5803760e-01  -7.2483310e+01
  -2.3520156e+01  -7.2482937e+01
  -2.4212301e+01  -7.2478786e+01
   5.5692531e-01  -7.2552406e+01
   3.3089126e+01  -7.2553097e+01
  -2.3471532e+01  -7.2621445e+01
   3.4226241e+01  -7.2543480e+01
   3.2743047e+01  -7.2555960e+01
   3.2893080e+01  -7.2762057e+01
  -2.4808153e+01  -7.2889779e+01
   3.2993111e+01  -7.2899452e+01
   3.2647002e+01  -7.2902307e+01
  -3.6360172e-02  -7.3312647e+01
  -9.8580305e+01  -7.2160837e+01
  -1.8471455e-01  -7.3450862e+01
  -1.2231864e+00  -7.3450678e+01
   3.3294400e+01  -7.3449838e+01
   2.6036741e-01  -7.3796406e+01
   9.7145347e+01  -7.3094814e+01
  -9.7615147e-01  -7.4349172e+01
   5.8080627e+01  -7.3994730e+01
  -3.7628379e+01  -7.4309691e+01
   3.2412720e+01  -7.4493794e+01
   3.3353114e+01  -7.4555140e+01
   3.2611708e+01  -7.4630394e+01
   6.3329685e+01  -7.4329397e+01
   3.2463875e+01  -7.4700714e+01
   3.5729275e+01  -7.4741863e+01
   3.2267129e+01  -7.4840538e+01
   3.2466692e+01  -7.5046252e+01
   7.6300237e+01  -7.4724048e+01
   6.4033261e+01  -7.5009332e+01
   6.4083844e+01  -7.5077637e+01
   4.8699564e+01  -7.5433728e+01
   4.8650933e+01  -7.5503437e+01
  -1.1169808e+01  -7.5923159e+01
  -1.1664828e+01  -7.5990851e+01
  -2.3145125e+01  -7.6009792e+01
   4.5735776e+01  -7.5883557e+01
   4.8458072e+01  -7.5920481e+01
  -1.1170777e+01  -7.6268709e+01
   3.3069522e+01  -7.6147092e+01
   6.9934712e+01  -7.5739507e+01
  -1.2309297e+02  -7.4520324e+01
   6.4990108e+01  -7.6030620e+01
  -2.3148338e+01  -7.6562666e+01
  -1.1498663e+02  -7.4970073e+01
  -1.1484619e+02  -7.5250681e+01
  -2.0135049e+01  -7.7684823e+01
  -1.0468524e+02  -7.6706006e+01
  -9.8655749e+01  -7.7205537e+01
  -1.0311045e+02  -7.7092744e+01
  -8.8656970e+01  -7.7440564e+01
  -8.0639131e+01  -7.7680020e+01
   2.6067480e-01  -7.8495911e+01
  -5.7618817e+01  -7.8079377e+01
  -5.6628646e+01  -7.8093571e+01
   2.1757440e+01  -7.9887887e+01
   2.0124659e+01  -8.0242027e+01
  -1.0469562e+02  -7.8987182e+01
   9.7233469e+00  -8.0764746e+01
  -3.8325596e-01  -8.1122143e+01
  -1.1382727e+01  -8.1175028e+01
  -2.8606228e+00  -8.1190247e+01
  -1.1611282e+02  -7.9638922e+01
  -2.7616241e+00  -8.1328541e+01
   1.5472609e+01  -8.1368595e+01
   5.1543427e+01  -8.1065517e+01
  -2.7616720e+00  -8.1397653e+01
  -1.0531723e+02  -8.0007841e+01
  -9.8729310e+01  -8.0176410e+01
   5.8431190e+01  -8.1039663e+01
   2.1765738e+01  -8.1408327e+01
  -8.8427386e+01  -8.0487313e+01
   3.5144058e+01  -8.1312873e+01
   1.5918829e+01  -8.1435951e+01
   1.5472877e+01  -8.1437707e+01
   2.1914388e+01  -8.1407513e+01
   1.8594538e+01  -8.1424374e+01
  -5.7315957e+01  -8.1124967e+01
   6.7498972e+01  -8.0965611e+01
   7.6418083e+01  -8.0873792e+01
   1.0381514e+02  -8.0323775e+01
  -1.1384108e+01  -8.1658812e+01
  -2.5636950e+00  -8.1743347e+01
  -2.4646296e+00  -8.1812522e+01
  -2.2168549e+00  -8.1812667e+01
  -8.7890220e-01  -8.1951411e+01
  -2.2666848e+00  -8.2296426e+01
  -4.7448133e+00  -8.2363361e+01
  -4.3980333e+00  -8.2501983e+01
   7.5665087e-01  -8.2919012e+01
  -1.5235082e+00  -8.2918793e+01
  -2.0193698e+00  -8.3264137e+01
   7.0156396e+01  -8.2716944e+01
  -1.9698309e+00  -8.3333274e+01
  -1.9202904e+00  -8.3402412e+01
  -3.8348180e-01  -8.3471968e+01
   7.5675573e-01  -8.3471915e+01
   9.0548236e-01  -8.3471884e+01
   3.6321368e+00  -8.3470333e+01
  -2.5648500e+00  -8.3540275e+01
  -1.8212041e+00  -8.3540684e+01
   7.6603861e+01  -8.2805731e+01
   8.1560507e+01  -8.2707481e+01
  -2.6144717e+00  -8.3609356e+01
   8.9195032e+01  -8.2613230e+01
  -2.7634428e+00  -8.3954821e+01
   6.7567975e+00  -8.4295624e+01
  -4.8961269e+00  -8.4505680e+01
  -5.6402456e+00  -8.4712039e+01
   1.3126880e-02  -8.4785137e+01
   5.0906311e-01  -8.4923332e+01
  -5.9877970e+00  -8.4987986e+01
  -7.6245430e+00  -8.5054309e+01
   9.7348070e+00  -8.5464403e+01
   2.6114495e-01  -8.5683605e+01
   2.6119920e-01  -8.6512972e+01
  -2.8148269e+00  -8.6511989e+01
   1.2765282e+01  -8.6976378e+01
  -3.7403820e+01  -8.7305436e+01
  -3.3632446e+01  -8.7338975e+01
  -2.2566276e+01  -8.7416831e+01
   8.5365049e+01  -8.6706512e+01
   3.5695748e+01  -8.7597536e+01
   2.2695723e+01  -8.8107254e+01
   3.5699454e+01  -8.8012207e+01
   3.5701924e+01  -8.8288655e+01
   3.5453748e+01  -8.8290865e+01
   3.5950101e+01  -8.8286429e+01
   3.4659581e+01  -8.8297834e+01
   7.2082605e+01  -8.7797847e+01
   3.5754034e+01  -8.8564659e+01
   3.5755271e+01  -8.8702884e+01
   2.7714401e+01  -8.8904986e+01
   3.5659074e+01  -8.9049332e+01
   3.5907298e+01  -8.9047109e+01
   3.6552679e+01  -8.9041257e+01
   3.7497224e+01  -8.9170741e+01
   2.1262613e+01  -8.9290110e+01
   3.5562244e+01  -8.9326667e+01
   2.4341613e+01  -8.9410772e+01
   2.4143016e+01  -8.9411977e+01
   7.2301128e+01  -8.8899915e+01
   2.2703969e+01  -8.9558645e+01
   3.8393513e+01  -8.9438703e+01
   2.3846357e+01  -8.9621108e+01
  -2.0096862e+01  -8.9779956e+01
  -8.8466931e+01  -8.8989474e+01
   7.5291393e+01  -8.9466833e+01
   3.5369768e+01  -9.0019555e+01
   1.1158945e+02  -8.8894609e+01
   3.8202842e+01  -9.0269953e+01
  -2.2533406e+01  -9.0389009e+01
   3.5423712e+01  -9.0502905e+01
   1.1556679e+02  -8.8988989e+01
   7.2818959e+01  -9.0065666e+01
   4.1733012e+01  -9.0649367e+01
   3.6667818e+01  -9.0768160e+01
   7.5007759e+01  -9.0232570e+01
   3.5724160e+01  -9.0776705e+01
   3.8505461e+01  -9.0750881e+01
   3.5426162e+01  -9.0779357e+01
   3.8157800e+01  -9.0754214e+01
   2.3208506e+01  -9.0938081e+01
  -2.1593944e+01  -9.1154479e+01
   1.1300287e+02  -8.9684601e+01
   3.5478896e+01  -9.1124482e+01
   5.2914697e+01  -9.1069958e+01
   4.5662814e+01  -9.1159368e+01
  -3.1083180e+01  -9.1368431e+01
  -3.3517181e+01  -9.1348766e+01
  -5.7410308e+01  -9.1146170e+01
  -4.4445950e+01  -9.1311323e+01
   1.1242648e+02  -9.0392284e+01
   7.1856858e+01  -9.1811253e+01
  -7.4415136e+01  -9.1833588e+01
   5.4919518e+01  -9.2356248e+01
   5.4920467e+01  -9.2425358e+01
   6.9826045e+01  -9.2192867e+01
   7.3354828e+01  -9.2198820e+01
   7.4349786e+01  -9.2249573e+01
   7.4598208e+01  -9.2244946e+01
   1.1637780e+02  -9.1247230e+01
   6.3918024e+01  -9.2568167e+01
   7.4352356e+01  -9.2387782e+01
   7.4600787e+01  -9.2383155e+01
   1.1747869e+02  -9.1491617e+01
   1.1549767e+02  -9.1756765e+01
   6.0445033e+01  -9.2967789e+01
   7.6808192e+01  -9.3447437e+01
   7.8050670e+01  -9.3423386e+01
   7.8798876e+01  -9.3546978e+01
   7.3683478e+01  -9.3851859e+01
  -1.2370218e+02  -9.2617757e+01
   7.4627858e+01  -9.3834353e+01
   7.2345207e+01  -9.4083669e+01
  -1.1645548e+02  -9.3111899e+01
  -1.1645749e+02  -9.3180987e+01
   8.5276033e+01  -9.4174600e+01
   9.7582348e+00  -9.5071438e+01
  -9.8421910e+01  -9.3872799e+01
   7.2947992e+01  -9.4418367e+01
  -1.1612566e+02  -9.3743801e+01
  -1.1647358e+02  -9.3733687e+01
  -1.1672209e+02  -9.3726445e+01
  -1.0439534e+02  -9.4067085e+01
  -9.8828078e+01  -9.4208476e+01
  -9.8481818e+01  -9.4286153e+01
  -8.8837883e+01  -9.4511901e+01
  -3.3059266e+01  -9.6052691e+01
  -3.3010104e+01  -9.6122217e+01
  -2.3114005e+01  -9.6329838e+01
  -2.3114804e+01  -9.6468072e+01
   7.4716263e+01  -9.5906587e+01
   7.5166426e+01  -9.6036419e+01
   9.3771562e+01  -9.5920320e+01
  -3.2570382e+01  -9.7093506e+01
  -3.4862848e+01  -9.7558047e+01
   1.1333570e+02  -9.6174747e+01
   1.1333765e+02  -9.6243838e+01
   8.5832374e+01  -9.6928047e+01
   1.1363998e+02  -9.6373558e+01
   1.1334157e+02  -9.6382018e+01
   1.1304706e+02  -9.6528637e+01
   8.5539824e+01  -9.7210845e+01
   8.6136775e+01  -9.7198047e+01
   8.5838300e+01  -9.7204457e+01
   7.9722207e+01  -9.7469173e+01
   8.0219699e+01  -9.7459236e+01
   9.3802319e+01  -9.7233205e+01
   8.5842744e+01  -9.7411765e+01
   7.9923963e+01  -9.7603415e+01
   7.9628206e+01  -9.7747572e+01
   8.0127114e+01  -9.7806752e+01
  -4.4524324e+01  -9.8360864e+01
   1.1068256e+02  -9.7424444e+01
   1.1103463e+02  -9.7552987e+01
   1.1038788e+02  -9.7570868e+01
   1.1068638e+02  -9.7562628e+01
   1.1069402e+02  -9.7838997e+01
   1.3254615e+01  -9.9899708e+01
   8.5945038e-01  -9.9990662e+01
   1.2949224e+02  -9.8589181e+01
   7.3499348e+01  -1.0007694e+02
   7.4046945e+01  -1.0006686e+02
   1.1765221e+02  -9.9092737e+01
   1.2924788e+02  -9.8735383e+01
   1.1760244e+02  -9.9094199e+01
   1.1785332e+02  -9.9155975e+01
   1.1815397e+02  -9.9216268e+01
   1.2950117e+02  -9.8865513e+01
   1.1790919e+02  -9.9361778e+01
   1.2970695e+02  -9.9066322e+01
   7.3906523e+01  -1.0055337e+02
   2.4536627e+00  -1.0199449e+02
   8.5971060e+01  -1.0107318e+02
   5.5053352e+01  -1.0210103e+02
   6.4068249e+01  -1.0196708e+02
   2.3823040e+01  -1.0240829e+02
   7.3580846e+01  -1.0180374e+02
  -1.0397451e+01  -1.0246560e+02
   1.3313117e+01  -1.0252610e+02
   9.7764395e+00  -1.0253628e+02
   1.1768935e+01  -1.0253093e+02
  -2.0160819e+01  -1.0249750e+02
  -2.3149529e+01  -1.0248136e+02
   7.3536114e+01  -1.0208109e+02
  -1.0149093e+01  -1.0274272e+02
   7.3836226e+01  -1.0214470e+02
   7.3539917e+01  -1.0228842e+02
   7.3243587e+01  -1.0243211e+02
   7.3543721e+01  -1.0249574e+02
   4.5252156e+01  -1.0319141e+02
   2.7765261e+01  -1.0341976e+02
  -5.7234265e+01  -1.0317653e+02
   3.4244030e+01  -1.0357704e+02
  -8.1102569e+01  -1.0304130e+02
   4.5457706e+01  -1.0374209e+02
   4.5806497e+01  -1.0373812e+02
   3.4047076e+01  -1.0385521e+02
   3.4246391e+01  -1.0385351e+02
   3.4495535e+01  -1.0385138e+02
   3.4248752e+01  -1.0412999e+02
  -5.7347742e+01  -1.0414270e+02
  -7.4688759e+01  -1.0385723e+02
   1.3231162e+02  -1.0250818e+02
   1.3276450e+02  -1.0263153e+02
   1.3246562e+02  -1.0264141e+02
   1.3266487e+02  -1.0263482e+02
   4.5817551e+01  -1.0470576e+02
   7.3526850e+01  -1.0429350e+02
   1.3262191e+02  -1.0284372e+02
  -5.7354660e+01  -1.0462651e+02
   9.2366395e+01  -1.0404214e+02
   8.8334620e+01  -1.0434038e+02
  -1.2139699e+02  -1.0354503e+02
   8.8336142e+01  -1.0440949e+02
  -1.2403765e+02  -1.0346422e+02
  -1.2179768e+02  -1.0360203e+02
  -9.8577239e+01  -1.0424000e+02
  -9.8328073e+01  -1.0424611e+02
   5.4595732e+01  -1.0507978e+02
   5.5044327e+01  -1.0507365e+02
  -1.1352646e+02  -1.0384470e+02
   4.6172790e+01  -1.0525470e+02
   3.3860596e+01  -1.0537752e+02
   2.3990660e+01  -1.0544869e+02
  -5.6713602e+01  -1.0511952e+02
  -3.6476127e+01  -1.0535459e+02
   1.1777661e+01  -1.0550313e+02
  -5.7610800e+01  -1.0510674e+02
   6.4437784e+00  -1.0551525e+02
  -9.9068462e+00  -1.0550819e+02
  -8.1185958e+01  -1.0469886e+02
  -2.3116844e+01  -1.0545382e+02
   8.9337465e+01  -1.0459473e+02
   9.2676556e+01  -1.0451896e+02
   8.8390546e+01  -1.0461570e+02
   1.3288930e+02  -1.0338814e+02
   1.1604822e+02  -1.0391082e+02
   1.1026794e+02  -1.0407391e+02
   8.8594477e+01  -1.0481862e+02
   1.3286465e+02  -1.0414971e+02
   7.3554724e+01  -1.0581393e+02
   7.0364113e+01  -1.0587116e+02
  -6.0370935e+01  -1.0631049e+02
   1.3264062e+02  -1.0491788e+02
   1.3420187e+02  -1.0535008e+02
   1.3262731e+02  -1.0602487e+02
   1.1029216e+02  -1.0677003e+02
   1.1029596e+02  -1.0690822e+02
   1.1031115e+02  -1.0746099e+02
   1.1146782e+02  -1.0777479e+02
   1.3276587e+02  -1.0719602e+02
   1.2045768e+02  -1.0958973e+02
   1.1955949e+02  -1.0961657e+02
   1.3073655e+02  -1.0926827e+02
  -1.0021718e+01  -1.1159080e+02
   1.1847687e+01  -1.1234621e+02
   6.3416698e+01  -1.1435207e+02
  -7.4383546e+01  -1.1430240e+02
   7.4210161e+01  -1.1430560e+02
   7.4310078e+01  -1.1430376e+02
   7.5708908e+01  -1.1427766e+02
   6.3170161e+01  -1.1456336e+02
   6.3469931e+01  -1.1455864e+02
   6.2923597e+01  -1.1477463e+02
   4.8684226e+01  -1.1504138e+02
   1.5804989e+01  -1.1551242e+02
   4.8689247e+01  -1.1545611e+02
   4.9242334e+01  -1.1572591e+02
   2.7554395e+01  -1.1627863e+02
   2.7105013e+01  -1.1635081e+02
   7.8734784e+01  -1.1567148e+02
   7.8834735e+01  -1.1566952e+02
   3.0054581e+01  -1.1639898e+02
   3.2203916e+01  -1.1638234e+02
   3.0255039e+01  -1.1646661e+02
   2.7305887e+01  -1.1648771e+02
   3.0505491e+01  -1.1653384e+02
   9.3484970e+01  -1.1570138e+02
   2.7507248e+01  -1.1669372e+02
   3.0256599e+01  -1.1667398e+02
   3.1806227e+01  -1.1666203e+02
   2.7057353e+01  -1.1669677e+02
   3.2156695e+01  -1.1672837e+02
   4.8553512e+01  -1.1663300e+02
   4.9253337e+01  -1.1662450e+02
  -2.4182378e+01  -1.1685334e+02
   3.2507733e+01  -1.1686381e+02
   4.8555181e+01  -1.1677125e+02
  -2.4183209e+01  -1.1699160e+02
   4.8805127e+01  -1.1676823e+02
   4.9005084e+01  -1.1676579e+02
   4.9504975e+01  -1.1675967e+02
   4.9255876e+01  -1.1683186e+02
   4.8306065e+01  -1.1684338e+02
  -2.3984065e+01  -1.1713105e+02
  -2.3834083e+01  -1.1713194e+02
   3.2109465e+01  -1.1707440e+02
  -2.4134046e+01  -1.1713015e+02
  -2.4284027e+01  -1.1712925e+02
   4.9257568e+01  -1.1697011e+02
   4.8557684e+01  -1.1697862e+02
  -2.4135705e+01  -1.1740666e+02
   3.2061675e+01  -1.1735130e+02
   5.4760367e+01  -1.1717550e+02
   5.0860793e+01  -1.1722669e+02
   5.1260752e+01  -1.1722162e+02
   5.1710705e+01  -1.1721586e+02
   5.1460731e+01  -1.1721906e+02
  -2.3136158e+01  -1.1748166e+02
   5.0812544e+01  -1.1736557e+02
   5.1262513e+01  -1.1735986e+02
  -2.2636954e+01  -1.1762275e+02
   5.5013173e+01  -1.1737946e+02
   5.4513205e+01  -1.1738626e+02
   5.4763189e+01  -1.1738287e+02
   4.7414388e+01  -1.1754532e+02
   1.9414426e+01  -1.1784698e+02
   3.2064980e+01  -1.1776605e+02
   5.4766012e+01  -1.1759023e+02
  -3.8489336e+01  -1.1777886e+02
   2.8265328e+01  -1.1786367e+02
   3.1866069e+01  -1.1790590e+02
   3.2066082e+01  -1.1790431e+02
   4.7466833e+01  -1.1775210e+02
   4.7216826e+01  -1.1775504e+02
   1.9065390e+01  -1.1805604e+02
   4.9217723e+01  -1.1780019e+02
   4.9567737e+01  -1.1779590e+02
   1.9365421e+01  -1.1805461e+02
   4.8567696e+01  -1.1780809e+02
   4.8717703e+01  -1.1780628e+02
  -1.4138388e+01  -1.1807637e+02
   1.5815041e+01  -1.1807013e+02
   1.9665453e+01  -1.1805315e+02
  -3.8140634e+01  -1.1792044e+02
   4.9267725e+01  -1.1779958e+02
   5.0118618e+01  -1.1785821e+02
  -3.8441316e+01  -1.1798671e+02
  -6.6877733e+00  -1.1823390e+02
   4.7069247e+01  -1.1796417e+02
   3.8068407e+01  -1.1805939e+02
  -3.8742007e+01  -1.1805296e+02
   3.2167747e+01  -1.1811089e+02
   1.9316411e+01  -1.1826223e+02
   9.6469961e+01  -1.1715213e+02
   1.1815410e+01  -1.1836037e+02
  -3.8343942e+01  -1.1826417e+02
   3.8370416e+01  -1.1826391e+02
   4.6772437e+01  -1.1824416e+02
  -6.2381345e+00  -1.1851114e+02
  -6.6382219e+00  -1.1851050e+02
  -7.0383093e+00  -1.1850982e+02
   3.8771144e+01  -1.1832921e+02
   4.5772285e+01  -1.1825566e+02
   3.8071023e+01  -1.1833589e+02
   3.1769882e+01  -1.1839057e+02
   1.2165891e+01  -1.1849759e+02
   3.1969920e+01  -1.1838899e+02
  -2.7393042e+01  -1.1849187e+02
   1.5816943e+01  -1.1855402e+02
   3.2270530e+01  -1.1845572e+02
   3.1620397e+01  -1.1846088e+02
   1.9317739e+01  -1.1853874e+02
   3.2420561e+01  -1.1845451e+02
   1.1816222e+01  -1.1863689e+02
   1.1516543e+01  -1.1877601e+02
  -6.5386493e+00  -1.1878718e+02
   3.2173273e+01  -1.1880215e+02
  -4.4500967e+01  -1.1875385e+02
  -3.8149808e+01  -1.1888820e+02
  -1.4141788e+01  -1.1904416e+02
  -2.4145243e+01  -1.1899658e+02
  -2.2144562e+01  -1.1900808e+02
   3.0224260e+01  -1.1902465e+02
   5.0730848e+01  -1.1881841e+02
  -8.1514348e+01  -1.1845092e+02
   2.9775639e+01  -1.1923539e+02
  -7.9315263e+01  -1.1856400e+02
   2.7674799e+01  -1.1925038e+02
   2.8675693e+01  -1.1931250e+02
  -9.8470282e+01  -1.1821005e+02
  -4.0504706e+01  -1.1927998e+02
  -4.4506318e+01  -1.1923772e+02
  -4.9659179e+01  -1.1924658e+02
  -4.9709198e+01  -1.1924596e+02
  -5.1509912e+01  -1.1922332e+02
  -7.9570785e+01  -1.1883553e+02
  -9.8475355e+01  -1.1841737e+02
  -6.2898737e+00  -1.1961712e+02
  -9.8225309e+01  -1.1842348e+02
  -9.8725402e+01  -1.1841124e+02
  -5.1511681e+01  -1.1936157e+02
  -6.0515389e+01  -1.1923627e+02
   1.2335860e+02  -1.1786987e+02
  -1.1248118e+02  -1.1818859e+02
  -5.1263334e+01  -1.1950301e+02
  -7.9876359e+01  -1.1910604e+02
  -8.1526948e+01  -1.1907295e+02
  -5.1564359e+01  -1.1956830e+02
  -1.1248698e+02  -1.1839590e+02
  -1.1283704e+02  -1.1838610e+02
  -1.1213692e+02  -1.1840567e+02
  -5.1865393e+01  -1.1963357e+02
  -6.0869708e+01  -1.1950748e+02
  -6.0519546e+01  -1.1951276e+02
  -6.0169383e+01  -1.1951801e+02
  -8.0029162e+01  -1.1924129e+02
  -7.4526918e+01  -1.1934693e+02
  -8.1729825e+01  -1.1920712e+02
  -8.1529747e+01  -1.1921118e+02
  -8.1279651e+01  -1.1921624e+02
  -8.2980302e+01  -1.1918154e+02
  -1.0448712e+02  -1.1868069e+02
  -6.2905218e+00  -1.2003190e+02
  -8.0480721e+01  -1.1930143e+02
  -7.9930495e+01  -1.1931240e+02
  -8.0080557e+01  -1.1930941e+02
  -5.1567900e+01  -1.1984479e+02
  -1.1249277e+02  -1.1860320e+02
  -8.1533947e+01  -1.1941852e+02
  -6.0523703e+01  -1.1978924e+02
  -8.0333418e+01  -1.1944266e+02
   2.8532489e+01  -1.2028136e+02
  -8.0839191e+01  -1.1970911e+02
   3.1837383e+01  -1.2060224e+02
   3.1688904e+01  -1.2081080e+02
  -8.0804423e+01  -1.2047038e+02
   3.1392978e+01  -1.2136618e+02
  -6.0542409e+01  -1.2103343e+02
  -7.9959316e+01  -1.2076383e+02
  -7.4555072e+01  -1.2086751e+02
   3.0993671e+01  -1.2150753e+02
  -5.1536450e+01  -1.2129704e+02
   3.1044785e+01  -1.2164540e+02
   3.1145419e+01  -1.2171376e+02
  -1.2349783e+02  -1.2000960e+02
   3.1397290e+01  -1.2191920e+02
  -1.2455271e+02  -1.2011543e+02
  -1.2370219e+02  -1.2014165e+02
  -1.2330195e+02  -1.2015392e+02
  -1.2350207e+02  -1.2014779e+02
  -1.2110058e+02  -1.2022073e+02
  -1.2070033e+02  -1.2023275e+02
  -1.2040014e+02  -1.2024174e+02
   3.0997395e+01  -1.2199143e+02
  -1.2100675e+02  -1.2043104e+02
  -8.2779927e+01  -1.2160571e+02
   1.2274281e+02  -1.2065514e+02
  -2.4166394e+01  -1.2252213e+02
  -1.2459545e+02  -1.2149736e+02
  -8.4642648e+01  -1.2447113e+02
   9.7897730e+01  -1.2444756e+02
   7.9884259e+01  -1.2574373e+02
   9.7919553e+01  -1.2534601e+02
  -6.0632826e+01  -1.2704720e+02
   1.1197825e+02  -1.2615570e+02
   1.0997968e+02  -1.2641818e+02
   1.0498492e+02  -1.2717372e+02
   7.9983696e+01  -1.2823104e+02
   7.5973143e+01  -1.2830857e+02
  -6.0763251e+01  -1.2905034e+02
   1.3433306e+02  -1.2727132e+02
  -6.1013959e+01  -1.2904655e+02
  -4.1207318e+01  -1.2929746e+02
  -5.7704587e+01  -1.2909524e+02
  -2.4207869e+01  -1.2943527e+02
   1.2531132e+02  -1.2756169e+02
   9.8041873e+01  -1.2831664e+02
   1.0495998e+02  -1.2814257e+02
  -5.1637303e+01  -1.2917746e+02
   7.9994660e+01  -1.2878401e+02
  -1.1255494e+02  -1.2800696e+02
  -1.1200353e+02  -1.2802231e+02
  -6.2051329e+00  -1.2957225e+02
  -8.6736667e+01  -1.2864469e+02
  -8.4179688e+01  -1.2869886e+02
   5.1163292e+01  -1.2925264e+02
   3.5969231e+01  -1.2941670e+02
   3.0653682e+01  -1.2946058e+02
   2.3633466e+01  -1.2957694e+02
